   3.6430850000000001E-002   0.0000000000000000     
  0.10929255000000000        0.0000000000000000     
  0.18215425000000002        0.0000000000000000     
  0.25501594999999999        0.0000000000000000     
  0.32787765000000002        0.0000000000000000     
  0.40073934999999999        0.0000000000000000     
  0.47360105000000002        0.0000000000000000     
  0.54646275000000000        0.0000000000000000     
  0.61932445000000003        0.0000000000000000     
  0.69218615000000006        0.0000000000000000     
  0.76504784999999997        0.0000000000000000     
  0.83790955000000000        0.0000000000000000     
  0.91077125000000003        0.0000000000000000     
  0.98363295000000006        0.0000000000000000     
   1.0564946500000001        0.0000000000000000     
   1.1293563500000001        0.0000000000000000     
   1.2022180499999999        0.0000000000000000     
   1.2750797500000000        0.0000000000000000     
   1.3479414500000000        0.0000000000000000     
   1.4208031500000000        0.0000000000000000     
   1.4936648500000000        0.0000000000000000     
   1.5665265500000001        0.0000000000000000     
   1.6393882500000001        0.0000000000000000     
   1.7122499500000001        0.0000000000000000     
   1.7851116499999999        0.0000000000000000     
   1.8579733500000000        0.0000000000000000     
   1.9308350500000000        0.0000000000000000     
   2.0036967500000000        0.0000000000000000     
   2.0765584499999998        0.0000000000000000     
   2.1494201500000001        0.0000000000000000     
   2.2222818499999999        0.0000000000000000     
   2.2951435500000001        0.0000000000000000     
   2.3680052500000000        0.0000000000000000     
   2.4408669500000002        0.0000000000000000     
   2.5137286500000000        0.0000000000000000     
   2.5865903500000003        0.0000000000000000     
   2.6594520500000001        0.0000000000000000     
   2.7323137499999999        0.0000000000000000     
   2.8051754500000001        0.0000000000000000     
   2.8780371499999999        0.0000000000000000     
   2.9508988500000002        0.0000000000000000     
   3.0237605500000000        0.0000000000000000     
   3.0966222500000002        0.0000000000000000     
   3.1694839500000000        0.0000000000000000     
   3.2423456499999999        0.0000000000000000     
   3.3152073500000001        0.0000000000000000     
   3.3880690499999999        0.0000000000000000     
   3.4609307500000002        31.350929047250435     
   3.5337924500000000        0.0000000000000000     
   3.6066541500000002        0.0000000000000000     
   3.6795158500000000        0.0000000000000000     
   3.7523775500000003        0.0000000000000000     
   3.8252392500000001        0.0000000000000000     
   3.8981009499999999        0.0000000000000000     
   3.9709626500000001        0.0000000000000000     
   4.0438243500000004        0.0000000000000000     
   4.1166860500000002        0.0000000000000000     
   4.1895477500000000        0.0000000000000000     
   4.2624094499999998        0.0000000000000000     
   4.3352711500000005        0.0000000000000000     
   4.4081328500000003        0.0000000000000000     
   4.4809945500000001        0.0000000000000000     
   4.5538562499999999        0.0000000000000000     
   4.6267179499999997        0.0000000000000000     
   4.6995796500000004        0.0000000000000000     
   4.7724413500000002        0.0000000000000000     
   4.8453030500000001        7.9976859814414381     
   4.9181647499999999        0.0000000000000000     
   4.9910264499999997        0.0000000000000000     
   5.0638881500000004        0.0000000000000000     
   5.1367498500000002        0.0000000000000000     
   5.2096115500000000        0.0000000000000000     
   5.2824732499999998        0.0000000000000000     
   5.3553349500000005        0.0000000000000000     
   5.4281966500000003        0.0000000000000000     
   5.5010583500000001        0.0000000000000000     
   5.5739200499999999        0.0000000000000000     
   5.6467817499999997        0.0000000000000000     
   5.7196434500000004        0.0000000000000000     
   5.7925051500000002        0.0000000000000000     
   5.8653668500000000        0.0000000000000000     
   5.9382285499999998        21.298666464784912     
   6.0110902500000005        0.0000000000000000     
   6.0839519500000003        0.0000000000000000     
   6.1568136500000001        0.0000000000000000     
   6.2296753499999999        0.0000000000000000     
   6.3025370499999998        0.0000000000000000     
   6.3753987500000004        0.0000000000000000     
   6.4482604500000003        0.0000000000000000     
   6.5211221500000001        0.0000000000000000     
   6.5939838499999999        0.0000000000000000     
   6.6668455500000006        0.0000000000000000     
   6.7397072500000004        0.0000000000000000     
   6.8125689500000002        0.0000000000000000     
   6.8854306500000000        7.9208906427993373     
   6.9582923499999998        0.0000000000000000     
   7.0311540500000005        0.0000000000000000     
   7.1040157500000003        0.0000000000000000     
   7.1768774500000001        0.0000000000000000     
   7.2497391499999999        0.0000000000000000     
   7.3226008499999997        0.0000000000000000     
   7.3954625500000004        0.0000000000000000     
   7.4683242500000002        0.0000000000000000     
   7.5411859500000000        0.0000000000000000     
   7.6140476499999998        0.0000000000000000     
   7.6869093500000005        12.710502219241937     
   7.7597710500000003        0.0000000000000000     
   7.8326327500000001        0.0000000000000000     
   7.9054944500000000        0.0000000000000000     
   7.9783561499999998        0.0000000000000000     
   8.0512178500000005        0.0000000000000000     
   8.1240795499999994        0.0000000000000000     
   8.1969412500000001        0.0000000000000000     
   8.2698029500000008        0.0000000000000000     
   8.3426646499999997        0.0000000000000000     
   8.4155263500000004        3.5349429314972247     
   8.4883880499999993        0.0000000000000000     
   8.5612497500000000        0.0000000000000000     
   8.6341114500000007        0.0000000000000000     
   8.7069731499999996        0.0000000000000000     
   8.7798348500000003        0.0000000000000000     
   8.8526965500000010        0.0000000000000000     
   8.9255582499999999        0.0000000000000000     
   8.9984199500000006        0.0000000000000000     
   9.0712816499999995        18.254036847885367     
   9.1441433500000002        0.0000000000000000     
   9.2170050500000009        0.0000000000000000     
   9.2898667499999998        0.0000000000000000     
   9.3627284500000005        0.0000000000000000     
   9.4355901499999995        0.0000000000000000     
   9.5084518500000001        0.0000000000000000     
   9.5813135500000008        0.0000000000000000     
   9.6541752499999998        0.0000000000000000     
   9.7270369500000005        1.9844726020244017     
   9.7998986499999994        0.0000000000000000     
   9.8727603500000001        0.0000000000000000     
   9.9456220500000008        0.0000000000000000     
   10.018483750000000        0.0000000000000000     
   10.091345450000000        0.0000000000000000     
   10.164207150000001        0.0000000000000000     
   10.237068850000000        0.0000000000000000     
   10.309930550000001        10.598539174597077     
   10.382792250000000        0.0000000000000000     
   10.455653950000000        0.0000000000000000     
   10.528515650000001        0.0000000000000000     
   10.601377350000000        0.0000000000000000     
   10.674239050000001        0.0000000000000000     
   10.747100750000000        0.0000000000000000     
   10.819962450000000        0.0000000000000000     
   10.892824150000001        6.3297308676957771     
   10.965685850000000        0.0000000000000000     
   11.038547550000001        0.0000000000000000     
   11.111409249999999        0.0000000000000000     
   11.184270950000000        0.0000000000000000     
   11.257132650000001        0.0000000000000000     
   11.329994350000000        0.0000000000000000     
   11.402856050000000        5.7761564301245309     
   11.475717749999999        0.0000000000000000     
   11.548579450000000        0.0000000000000000     
   11.621441150000001        0.0000000000000000     
   11.694302850000000        0.0000000000000000     
   11.767164550000000        0.0000000000000000     
   11.840026250000001        0.0000000000000000     
   11.912887950000000        5.2921496441832465     
   11.985749650000001        0.0000000000000000     
   12.058611350000000        0.0000000000000000     
   12.131473050000000        0.0000000000000000     
   12.204334750000001        0.0000000000000000     
   12.277196450000000        0.0000000000000000     
   12.350058150000001        14.772346289264892     
   12.422919850000000        0.0000000000000000     
   12.495781550000000        0.0000000000000000     
   12.568643250000001        0.0000000000000000     
   12.641504950000000        0.0000000000000000     
   12.714366650000001        0.0000000000000000     
   12.787228349999999        0.0000000000000000     
   12.860090050000000        0.0000000000000000     
   12.932951750000001        0.0000000000000000     
   13.005813450000000        0.0000000000000000     
   13.078675150000000        0.0000000000000000     
   13.151536849999999        0.0000000000000000     
   13.224398550000000        0.0000000000000000     
   13.297260250000001        8.4951663622123501     
   13.370121950000000        0.0000000000000000     
   13.442983650000000        0.0000000000000000     
   13.515845350000001        0.0000000000000000     
   13.588707050000000        0.0000000000000000     
   13.661568750000001        0.0000000000000000     
   13.734430450000000        1.9907417532764964     
   13.807292150000000        0.0000000000000000     
   13.880153850000001        0.0000000000000000     
   13.953015550000000        0.0000000000000000     
   14.025877250000001        0.0000000000000000     
   14.098738950000000        0.0000000000000000     
   14.171600650000000        7.4792562737871187     
   14.244462350000001        0.0000000000000000     
   14.317324050000000        0.0000000000000000     
   14.390185750000001        0.0000000000000000     
   14.463047449999999        0.0000000000000000     
   14.535909150000000        2.1968952232971852     
