   49.381885074848988        1.8369754608359384E-003
   49.318764438841946        1.7512925281586112E-003
   49.564859882783004        1.7762975973559508E-003
   49.513891156192670        1.7312223891189739E-003
   49.765946904148308        1.8199957232008137E-003
   49.527285286227013        1.7365594684252874E-003
   49.450396367479627        1.7210168744301051E-003
   49.715197965722346        1.8284235925111964E-003
   49.304172322155758        1.7217367606838139E-003
   49.348590475316591        1.7871391458732272E-003
   49.078079803076676        1.7440118210400590E-003
   49.381916790560929        1.8784353113725609E-003
   49.395325898888402        1.8966384507334046E-003
   49.220554147427151        1.8532630405787814E-003
   49.340210450619345        1.8979559998136065E-003
   49.318036963066284        1.8607010353366260E-003
   49.160703108522448        1.7773965191307040E-003
   49.237943455824684        1.7340560980994861E-003
   49.242634656005848        1.6274075637468521E-003
   49.181891453766646        1.4758211970773330E-003
   49.324650949272026        1.3894884100141408E-003
   49.361683104328741        1.2674354275393589E-003
   49.590800665219469        1.1934967352570777E-003
   49.505839754642103        9.9429708383088071E-004
   49.707952363215533        8.6485164204720450E-004
   49.685941138876814        6.3896809708145676E-004
   49.693366230495208        4.2575525025331134E-004
   49.774382584967796        2.1518739638906384E-004
   49.836653518960141       -1.1027007798691846E-006
   49.864370542965105       -1.8914331347038259E-004
   49.623262925641065       -4.8914847112389067E-004
   49.544002170023589       -7.0348817958667978E-004
   49.302856437689108       -9.3753275898480354E-004
   49.565842193360183       -9.6545530771487294E-004
   49.403369668846430       -1.1512374348834299E-003
   49.688783755670414       -1.1680134432929404E-003
   49.852835367652240       -1.1941930449806317E-003
   49.988953489805361       -1.1817995043460264E-003
   49.731280930506848       -1.2730358526419794E-003
   50.056536450380527       -1.1503976624561126E-003
   49.796175988681156       -1.2140127653037047E-003
   50.062980477495053       -1.1009358196103344E-003
   50.026191130856162       -1.1001474253215216E-003
   50.044416634566005       -1.0545998147147445E-003
   50.097166903675422       -9.8593456922795811E-004
   50.194858385239833       -8.8990484068827893E-004
   49.968693530031260       -8.6825315138722050E-004
   49.797487408094618       -7.9946753097775937E-004
   50.050002082040159       -5.9476787220419966E-004
   49.982638632749918       -5.1580319401834513E-004
   50.058693739673629       -3.8579317368110378E-004
   50.087829114405572       -2.9869111288239193E-004
   49.918591196461321       -2.6104099981820146E-004
   49.984821515316661       -1.2263594663735334E-004
   49.740195965868850       -8.5748227271782265E-005
   49.307091586565058       -8.6518959159434143E-005
   49.348395763640383        7.2136490981189382E-005
   49.302676028966651        2.1409712521300254E-004
   49.105263834397846        3.0399114987680968E-004
   49.026674315736301        4.3129899123010428E-004
   48.914625082660443        5.5630147251126128E-004
   49.004039139401954        7.3657586624936581E-004
   48.835810880835979        8.0346412194030230E-004
   49.155607041147995        1.0285703115327793E-003
   49.380951941418488        1.2131624365757008E-003
   49.387137084107223        1.2912133935521113E-003
   49.030656082158131        1.2198043531858626E-003
   49.031892094081861        1.2345360887328074E-003
   49.046271104853346        1.2526637576914905E-003
   48.859832847822986        1.1698390992362306E-003
   48.905558333075476        1.1429777689245615E-003
   49.120236796891326        1.1587801682746519E-003
   49.388943039483856        1.2083342127652357E-003
   49.703363995821931        1.2486469220398312E-003
   49.514514079381605        1.1036124393357060E-003
   49.921793644992754        1.1439286512290885E-003
   49.970387283900138        1.0459349729516120E-003
   50.134565571265568        9.7313740922170362E-004
   50.256626061175979        8.8773938178420854E-004
   50.111711278374486        7.1650806357695265E-004
   50.073665606513636        5.8354885280976869E-004
   50.308136283296633        5.3704391086716984E-004
   50.329054743450818        4.3391514423726292E-004
   50.527815154851439        3.9410654048124865E-004
   50.665271379021526        3.4329109091067760E-004
   50.763696725426868        3.0418964493822496E-004
   50.669089459221340        2.1867581039112551E-004
   50.490649052364816        1.2048877716786045E-004
   50.449686133464908        8.2089109758310208E-005
   50.739342762155573        1.4345626703957394E-004
   50.456389127232761        3.0363637177599888E-005
   50.362069011076670        2.1099802406484639E-006
   50.633712889697712        1.1823269162323327E-004
   50.473988771663542        1.0057846933528992E-004
   50.196483522515521        5.7440906600519624E-005
   50.118819757631556        8.5874661939822696E-005
   50.200238365222276        1.9468318894579588E-004
   50.257970022989703        3.0687585736497190E-004
   50.016501665831782        2.7754165669631329E-004
   50.036541521343594        3.0185270521341075E-004
   49.916859215873423        3.0306886864255663E-004
   49.800933186077856        3.1088135280152730E-004
   50.123858062113918        5.0696540136064791E-004
   49.641890110226925        4.1797737759057701E-004
   49.584873742579013        4.7585032304543024E-004
   49.396071589592140        4.6357519467407155E-004
   49.388761448747729        5.2416644529462415E-004
   49.407830312974163        5.9154234896913811E-004
   49.437860384978606        7.0452921838758185E-004
   49.476068668275524        8.1959567848374933E-004
   49.596767821336201        9.3308171507966529E-004
   49.479081400932877        9.3773728540398659E-004
   49.475910746552884        9.8386412513964093E-004
   49.369206875133884        9.6788521868000914E-004
   49.178562825665338        8.9982849226910762E-004
   49.319841741976802        9.5495207906304356E-004
   49.127015397097090        8.6336394378531761E-004
   48.859718767796707        7.3159608374346273E-004
   48.982040170401618        7.0098339887125175E-004
   48.993604742619681        5.8488675994231975E-004
   49.170877246279531        5.0452706170619186E-004
   49.137659505589902        3.3919529785257402E-004
   49.420618060517832        3.0017302932957191E-004
   49.415712697473104        1.6473370760136156E-004
   49.209017279621015       -2.5802896957103648E-005
   49.458204709394430       -8.9442903915842758E-005
   49.386251771658387       -3.0313908685989684E-004
   49.783433155711258       -3.5094877992623797E-004
   49.864586171637349       -5.3699942954908806E-004
   50.080232863766838       -6.7092038820582532E-004
   49.982748397004933       -9.3508460879999260E-004
   49.768675404382158       -1.2402407640050113E-003
   49.934519322765802       -1.4179829350695005E-003
   50.069272512359888       -1.5702022007556187E-003
   50.002965723851553       -1.7813462105692808E-003
   50.343688989082729       -1.8542104904915627E-003
   50.517180432871719       -2.0016990330643486E-003
   50.562689353142360       -2.1844545140716812E-003
   50.705364378673998       -2.3251132206485248E-003
   50.582186485685888       -2.5409831879526150E-003
   50.679665028893034       -2.6566861190647543E-003
   50.714130690471769       -2.7624907751783792E-003
   50.933563173058694       -2.7639963735951348E-003
   50.911119606453546       -2.7846607346595827E-003
   51.018264718206083       -2.7123747698344471E-003
   50.985287662010826       -2.6601269965634360E-003
   50.948636732391400       -2.5599356946194802E-003
   51.034557034836325       -2.3950912340725641E-003
   51.086526865637957       -2.2144202563822504E-003
   51.299287877794725       -1.9592807457873528E-003
   51.558972730852943       -1.6621380026507909E-003
   51.692512460467114       -1.3791561242998880E-003
   51.888744141234802       -1.0756331919330926E-003
   52.072619742707786       -7.5999059382999504E-004
   52.059182633853808       -4.8799134802482560E-004
   51.963781453035359       -2.1797569664734861E-004
   51.707398994722581        5.7700959381976834E-007
   51.983823293162864        4.1259015567044046E-004
   51.712489882065384        6.6518559686943918E-004
   51.473932032743406        9.2778143128298299E-004
   51.790205050256880        1.3888466965853779E-003
   51.445787341856246        1.6041248587595812E-003
   51.143483622287164        1.8104102862194565E-003
   50.753226665895582        1.9429557734257205E-003
   50.781298836778156        2.1559450299332098E-003
   50.630342917124210        2.2852481238657138E-003
   50.592896216089443        2.4355713035891118E-003
   50.360455659473040        2.4574866405555553E-003
   49.966204219823318        2.4061521428353858E-003
   50.028006982142315        2.4893361711254684E-003
   50.035886452779273        2.5259901263006410E-003
   50.084963149585022        2.5608511278652837E-003
   50.096533211111449        2.5550336777076525E-003
   49.987487736488198        2.4941188286950362E-003
   49.715264660766309        2.4054869728539268E-003
   49.748520578044889        2.4517792650247403E-003
   49.498216203095438        2.4053088306596072E-003
   49.427162175366426        2.4126442529296293E-003
   49.388621389057342        2.4214886418325180E-003
   49.373277376073311        2.4347181821277640E-003
   49.177844078126562        2.3684107382113111E-003
   49.880929270338925        2.6069386068127243E-003
   49.872230810062128        2.5779302705802071E-003
   49.866567300775749        2.5431371799169780E-003
   49.868270047837427        2.4819434188337194E-003
   50.040013890912093        2.4606859262976529E-003
   50.064362512268417        2.3956727080215179E-003
   49.725471071751521        2.2236371954568570E-003
   49.617938133938871        2.1185153912995267E-003
   49.493094040754208        1.9878146566503475E-003
   49.500548152546138        1.8872509067881010E-003
   49.388030788526891        1.7103254171934824E-003
   49.463058252670500        1.5524287707729403E-003
   49.480211360581883        1.3812144310311977E-003
   49.665115053894873        1.2823617612740508E-003
   49.671570316845212        1.1125441682481017E-003
   49.844504534333382        1.0204066462483532E-003
   50.039206055196885        9.3258853760492958E-004
   50.151818703050317        7.8570685462732101E-004
   49.961645387433833        4.9612837348436461E-004
   50.168258483737546        3.3958575375886630E-004
   49.996350299165613        3.2034620937825238E-005
   50.119709299538250       -1.7082611559953757E-004
   49.977752828472170       -4.7014696466896180E-004
   50.154223807913198       -6.3191587005004463E-004
   49.944097186847408       -9.2811692931646665E-004
   50.170189155192098       -1.0679426809048962E-003
   50.282824265550317       -1.2625026353326489E-003
   50.286666772999524       -1.5142162699121491E-003
   50.404705505224783       -1.7552004629314622E-003
   50.517426372183024       -1.9825903166439994E-003
   50.655808433684697       -2.1931107821179120E-003
   50.961747094035751       -2.3021039729956105E-003
   50.608523605854231       -2.6125558930599094E-003
   50.594457213085825       -2.7693258672572951E-003
   50.468827952419694       -2.9678658410363479E-003
   50.674539122520741       -3.0477489021618369E-003
   50.645121979922820       -3.1845357626543854E-003
   50.674900649790878       -3.2811796085934850E-003
   50.546164885499785       -3.3994180786488435E-003
   50.542002158896288       -3.4372963170965394E-003
   50.714277308603869       -3.4015944761868317E-003
   50.761420442630566       -3.3739747988954932E-003
   50.710952789915311       -3.3383161314920243E-003
   50.853349956021930       -3.2487686335248636E-003
   50.776372813034747       -3.2422469227397052E-003
   50.550791015703673       -3.2645823510748227E-003
   50.471758337120384       -3.2237227388547981E-003
   50.513411699098235       -3.1148166606961400E-003
   50.451997751808300       -3.0118077426164480E-003
   50.721148061797400       -2.7836485160308050E-003
   50.667579523506191       -2.6383497478996614E-003
   50.411075236499855       -2.5486332091022570E-003
   50.484402456774767       -2.3223151776102921E-003
   50.533934144719822       -2.0867924084184255E-003
   50.543805905904605       -1.8388787225904135E-003
   50.638284002199768       -1.5685297244807884E-003
   50.582743901945200       -1.3697531211862967E-003
   50.293050976522828       -1.2443150047101346E-003
   50.491637623801026       -9.3463219619025807E-004
   50.295203367888547       -7.6033435669102534E-004
   50.450445235683247       -4.6450133179276408E-004
   50.547638085584914       -1.8817905071541883E-004
   50.160602817799692       -1.0417394167951417E-004
   49.999679516450975        4.7575358115406725E-005
   50.055397216928448        2.2720565852880372E-004
   50.093883805647657        3.8467229412363980E-004
   50.494245078692693        6.4275331213112306E-004
   50.156685026100931        6.0991626124916657E-004
   49.917132192260937        6.0627305999278933E-004
   49.703699262565053        5.9225125406165108E-004
   49.332655501413399        5.0418254486325493E-004
   49.133807928496900        4.9319361330679137E-004
   49.078224757948952        5.0350861839667919E-004
   48.789630169170046        4.0735542410375416E-004
   48.763549676318384        3.4508782269221790E-004
   48.913423443063252        3.1823715130672184E-004
   49.008823413009281        2.6759331314208485E-004
   49.134762721409814        2.3497024650896730E-004
   48.840792051853711        6.8319482723759505E-005
   49.037444758521239        4.7663731591475986E-005
   48.907371200268727       -9.8129092513669816E-005
   48.909552049339339       -2.2015680406634505E-004
   49.039303383184865       -2.9288408986857806E-004
   48.918130126389769       -4.5159017780111626E-004
   49.381230140413109       -4.1363318214836811E-004
   49.268925230582681       -5.8826786027441004E-004
   48.887226100515946       -8.5432286588264014E-004
   49.200855095131409       -8.8823187900873891E-004
   49.227763060451835       -9.9937735386574299E-004
   49.169439256379597       -1.1131291876867045E-003
   49.042190091169878       -1.2400276154348941E-003
   49.263045053073782       -1.2532114635344896E-003
   49.292684485919231       -1.3095953153628862E-003
   49.298222898230605       -1.3891742688031804E-003
   49.382097554165064       -1.4311373078347285E-003
   49.367384186294053       -1.4917492471536711E-003
   49.475027401503368       -1.4843693917156015E-003
   49.785859514969921       -1.4062625243055611E-003
   49.957697071084354       -1.3767812317743136E-003
   49.820760836934170       -1.4383982303620214E-003
   49.758019165473307       -1.4561709156181931E-003
   49.845773218657520       -1.4068127234585913E-003
   49.963142121618283       -1.3414359031118500E-003
   50.065155897419203       -1.2592114663690652E-003
   50.373052956553323       -1.0922638269314615E-003
   50.275552284215259       -1.0458981095149958E-003
   50.325252922433634       -9.1934364505123073E-004
   50.172326880844658       -8.4099376852840113E-004
   50.044727082761469       -7.4706519535891469E-004
   49.886593694272527       -6.3914535046416640E-004
   49.682976931701049       -5.1975016360452124E-004
   49.375767253828840       -4.3231473598313148E-004
   49.218139934176357       -3.0488075653229324E-004
   49.562521121701828       -4.0229141632388771E-005
   49.689513922328487        1.5746902718623081E-004
   49.431522761862716        2.2858895170020860E-004
   49.244492204006804        3.2937173539721471E-004
   49.388129953450033        5.4757116598164429E-004
   49.391017848928357        7.1774080127443246E-004
   49.688053655864017        9.7925674932411834E-004
   49.168956650090102        9.7481883751229261E-004
   49.310463524084042        1.1990757834849607E-003
   49.120278096249095        1.3091546360209730E-003
   49.251223388482565        1.5157351657890269E-003
   49.248238870085601        1.6454846923118372E-003
   48.902263505857483        1.6306182835241646E-003
   48.637671134032324        1.6552741033405780E-003
   48.451997617165837        1.7216621920525287E-003
   48.307525706313704        1.7636950188217786E-003
   48.487533742045819        1.8710301093813715E-003
   48.231192328189763        1.8003659958662913E-003
   48.261314973740411        1.8432639877203048E-003
   48.494557509357477        1.9305166383408914E-003
   48.676040318334294        1.9652883164439630E-003
   48.840202657241726        1.9744053765208287E-003
   48.698190366712957        1.8605626349910548E-003
   48.799560642125115        1.8221593596751164E-003
   48.569778633159622        1.6223100134508427E-003
   48.588133570468315        1.5047051966605113E-003
   48.822768232484741        1.4649833876137354E-003
   48.837914242997705        1.3234460540447659E-003
   49.113136818986931        1.2449260315205506E-003
   49.376983936970497        1.1640899718563522E-003
   49.808139641116796        1.1581099852466989E-003
   49.704780226286367        9.6633427792038550E-004
   49.992866988018889        8.9203885537745989E-004
   50.015283242990918        7.3183336452410826E-004
   50.231991771444577        6.6765626360381378E-004
   50.196186575607690        5.1569825836620547E-004
   50.054570554263861        3.3984294571483156E-004
   50.208316776637588        2.7384228142976805E-004
   50.266271061864401        2.0199020548713863E-004
   50.192161542454251        8.7255255460504900E-005
   50.547617268705174        1.3465026573261473E-004
   50.721133541621199        1.0939691307770591E-004
   50.399915281373652       -7.8457008594998016E-005
   50.330204506342923       -1.4184650030990250E-004
   50.489163706279143       -1.3456090177782953E-004
   50.112215169882973       -3.1976986927662401E-004
   49.784133912645885       -4.6515689440925048E-004
   49.665919034550974       -5.3086195060450590E-004
   49.611238540469188       -6.0793834616162913E-004
   49.676886929640119       -6.5542517374550904E-004
   49.899560684456397       -6.6380878145736876E-004
   49.877799231538170       -7.6220581826933712E-004
   50.070591365013939       -7.8695349882507170E-004
   50.004047437536528       -8.8492288440017582E-004
   50.264420363729023       -8.5595656943119247E-004
   50.068657276705373       -9.8170757454400207E-004
   49.928673132865676       -1.0927117748641287E-003
   50.015345566621399       -1.1180658269604590E-003
   49.731194955441801       -1.2427286877410761E-003
   49.925115832854786       -1.2366983991669730E-003
   50.032249855322128       -1.2507353750775929E-003
   50.285977476096008       -1.2195338231921133E-003
   50.194468310706306       -1.2851761926656634E-003
   49.951376171986624       -1.3982431679548314E-003
   50.017723777072014       -1.3970439321658640E-003
   50.166948894709627       -1.3645772188906795E-003
   50.384236180166425       -1.3286941940688843E-003
   50.558810396959359       -1.3068508816019440E-003
   50.309957200345323       -1.4370293232841907E-003
   50.224074467791048       -1.4959772817130109E-003
   50.406572841184051       -1.4714632639561691E-003
   50.340277097531853       -1.5070681036570266E-003
   50.556529986534265       -1.4722779332859623E-003
   50.493028407655565       -1.5295475338311007E-003
   50.568776153568116       -1.5186711042514079E-003
   50.355115744826662       -1.5336772883348963E-003
   50.698963646559527       -1.3157261472947586E-003
   50.708522933553724       -1.2188432009924066E-003
   50.819941819902859       -1.0508714272883467E-003
   50.759312043586306       -9.3617973375109394E-004
   50.940566745160140       -6.8914757840993375E-004
   50.638464431238070       -5.6694890859128582E-004
   50.342243137174535       -4.1541545589184010E-004
   50.415176862040298       -1.4770277042019188E-004
   50.358521558330537        8.0379481015086307E-005
   50.026566051407286        2.4100122859936713E-004
   50.042629525800955        5.2394740746400685E-004
   50.259991370518804        8.8847555998228180E-004
   50.057139598958791        1.0919604360841056E-003
   49.875136662977255        1.2735326962932485E-003
   49.967813560781700        1.5363481755898581E-003
   49.992377508635855        1.7276300893829244E-003
   50.053696844274796        1.8671198080961854E-003
   49.931959850303642        1.9119640082299583E-003
   49.453494244050518        1.8079960276405943E-003
   49.830639093319576        1.9605846211655491E-003
   49.806338884444642        1.9406375353801179E-003
   49.703114282245878        1.8678605985255059E-003
   49.537702988126100        1.7681029407365738E-003
   49.490188077749607        1.6600625572804502E-003
   49.541494233415200        1.5299305767138662E-003
   49.211025060619576        1.2411514907202414E-003
   49.464423611396860        1.1464076744201698E-003
   49.672481318843111        1.0136643249917649E-003
   49.717177067320982        7.9885288045284145E-004
   49.644757665594796        5.4223706673664496E-004
   50.035810738465294        4.6240180585534061E-004
   50.393601964985123        3.8189974076169184E-004
   50.529676055629338        2.1183425246746557E-004
   50.255719952946670       -7.4285796763263546E-005
   50.198149540095017       -2.7594463907939712E-004
   50.439719888827263       -3.8722688206181146E-004
   50.548946897603876       -5.4161085442941577E-004
   50.578373011846203       -7.2842297166728629E-004
   50.695923483039692       -8.7593832139428731E-004
   50.746971168074772       -1.0282549769350764E-003
   50.960450606738945       -1.1317448556462820E-003
   50.971970966618251       -1.2930755629916644E-003
   50.948067463312761       -1.4263540161047177E-003
   50.844328039561404       -1.5653430686965331E-003
   50.941725008811105       -1.5941041320124553E-003
   50.951916567160964       -1.6196402818444723E-003
   50.683644480799153       -1.7289241994642862E-003
   50.843814566841743       -1.6714578427535311E-003
   50.714877115752529       -1.6771634282013140E-003
   50.623010337018044       -1.6592641373925599E-003
   50.660151673978618       -1.5631944716327127E-003
   50.627090135821263       -1.4553203351048345E-003
   50.707842111588988       -1.2502811059293369E-003
   50.825724514971185       -9.9440231468721067E-004
   50.324452885015248       -9.4277681817601857E-004
   50.367495331211089       -6.9134544647577812E-004
   50.481993987577980       -3.8520061876489206E-004
   50.360893102095304       -1.5569966005124839E-004
   50.251920680456109        7.4730435237765883E-005
   50.440410889986694        4.1975328495098238E-004
   50.420677115372222        6.9123831107301852E-004
   49.857183781185249        7.6475689423266470E-004
   49.687481797270600        9.5533741704757562E-004
   49.762666503041608        1.2019606051863363E-003
   49.558867276710224        1.3007110893895795E-003
   49.371828364721217        1.3888555348471462E-003
   49.143287263343574        1.4402939702620652E-003
   49.434259033355197        1.6678367662172535E-003
   49.406730616913897        1.7601736710131718E-003
   49.387420253148598        1.8445456924787475E-003
   49.233238368250568        1.8393673174049118E-003
   49.337398512154230        1.8702245952277802E-003
   48.970050214278253        1.6962899136566826E-003
   49.033542780008773        1.6231547232998550E-003
   49.284779305756977        1.5774917627066985E-003
   49.279492115373053        1.4197507709127822E-003
   49.350108504739502        1.2689625586176868E-003
   49.476271739142284        1.1380972499085904E-003
   49.784493982719738        1.0378133704687931E-003
   49.853305243877280        8.4322757134400606E-004
   49.817382027655285        6.1401679530872827E-004
   49.579721255460548        3.2562891923057388E-004
   49.544534909365360        1.1691349421238872E-004
   49.266136485077503       -1.6264878387351733E-004
   49.348969105846010       -2.7897259118007814E-004
   49.256727766941140       -4.2809612181315325E-004
   49.383856792551519       -5.0757562311101864E-004
   49.454122404349945       -5.7882053047360912E-004
   49.202744138730829       -7.3691017490242177E-004
   49.225209273450787       -7.9750731207601795E-004
   49.346374432985321       -8.1755926799129846E-004
   49.253886597011586       -9.2172089593797898E-004
   49.086812828285062       -1.0490440684251387E-003
   48.795176132355806       -1.2253891005699813E-003
   48.640978779867069       -1.3450755801132825E-003
   48.773257960153749       -1.3643054959197923E-003
   48.951252639454452       -1.3799821649727131E-003
   49.001277651525911       -1.4496451185451104E-003
   49.051558861482256       -1.5230983807557068E-003
   49.176780805852466       -1.5559046382645769E-003
   49.049120855106906       -1.6700891362439634E-003
   49.509101187892071       -1.5181243009389997E-003
   49.153621793286582       -1.6227664315979177E-003
   49.306471934688275       -1.5365137430895948E-003
   49.157149867900067       -1.5633359025497013E-003
   49.347547902291495       -1.5089174869537113E-003
   49.378154828496534       -1.5285004336570492E-003
   49.152706140257713       -1.6497858289120507E-003
   49.156089470387428       -1.7232013686917932E-003
   49.192381265445320       -1.7892583547036304E-003
   49.361043790986038       -1.8219186464841571E-003
   49.798706562972392       -1.7454735996719297E-003
   49.770400655672276       -1.8246593303180342E-003
   49.667555878117028       -1.8994539887339957E-003
   49.619139011859623       -1.9375712295941318E-003
   49.672858613659628       -1.9323192411413205E-003
   49.546373810921544       -2.0019516322131231E-003
   49.439982829624292       -2.0764724964590676E-003
   49.655780294309253       -2.0586082883591083E-003
   49.986412209026497       -1.9542824461642634E-003
   49.938725012836613       -2.0009399012090963E-003
   49.747138571897423       -2.1178294098718594E-003
   49.602804232668753       -2.2381544775222808E-003
   49.531932847777036       -2.2948433415296851E-003
   49.567570244490774       -2.2951614690162239E-003
   49.587233416127795       -2.2682726472884190E-003
   49.514498530450311       -2.2462463070880723E-003
   49.644442381584035       -2.1258649123699468E-003
   49.861099947760813       -1.9659612742393357E-003
   49.776804848044648       -1.8997476208418120E-003
   49.694893300714043       -1.8077881772942590E-003
   49.604584894635764       -1.7046000309263152E-003
   49.566554023139275       -1.5473960798782723E-003
   49.477673102501342       -1.3677650075498019E-003
   49.442016679499872       -1.1639854975057939E-003
   49.352151840881014       -9.8366093338821841E-004
   49.230710294241405       -7.9470362477031145E-004
   49.351564932550438       -5.2265424968202581E-004
   49.398905663627538       -2.9071577413326740E-004
   49.411215220942466       -5.9191018098184189E-005
   49.368564921835343        1.7384947384376209E-004
   49.189663832542514        3.6209073730542236E-004
   49.120553732092738        5.7627552750472773E-004
   49.181284856884879        8.2273808821418514E-004
   49.149293322330621        9.7470546957784999E-004
   48.984884142603406        1.0391273439977317E-003
   49.169929025146239        1.2086550807447072E-003
   49.143625773747758        1.2889405021624264E-003
   49.089691459275571        1.3268714304075790E-003
   49.352762218468989        1.4544049270362976E-003
   49.181805288612750        1.4102158939587753E-003
   49.295273368986784        1.4507541742408091E-003
   49.292877956374795        1.4253252352967162E-003
   49.382219366166744        1.4029113717265293E-003
   49.210752818650796        1.2815583313765810E-003
   49.537103827727044        1.3110407180188966E-003
   49.674973685291270        1.2685620260727963E-003
   49.632026108303158        1.1410891595190014E-003
   49.404862486308375        9.5442464102129003E-004
   49.619276837913624        9.3240113340011172E-004
   49.769915585595889        8.8326811715382471E-004
   50.008997005087693        8.7442523221724388E-004
   49.950618050044476        7.6434408955558520E-004
   49.897521785578853        6.3913129821228487E-004
   49.678744390804546        4.8772149792670273E-004
   49.398382447704030        3.3586877068023731E-004
   49.206895727625032        2.2728343151406160E-004
   49.378085411552831        2.7507733795125187E-004
   49.436359760039451        3.2185285353239447E-004
   49.570934969790706        4.0192323400249462E-004
   49.519200185377713        4.2482151183815701E-004
   49.816144055674577        5.8650704055706205E-004
   49.845299014224388        6.8815240367193478E-004
   49.746026606407248        7.5684204204949971E-004
   49.456054944773705        7.5680580415696654E-004
   49.734255570129669        9.3137059235362486E-004
   50.067941266261656        1.1025916270824524E-003
   50.145338352345327        1.2037072824688407E-003
   50.048535865461460        1.2575301816272826E-003
   50.061656462677853        1.3456337548974958E-003
   49.750447334879233        1.3292188747263019E-003
   49.858382832997222        1.4616674931179447E-003
   49.896586216817219        1.5492858765867646E-003
   49.555581074025405        1.4874299069632300E-003
   49.414040537839533        1.4975762588811013E-003
   49.451175560378019        1.5858481595698276E-003
   49.215823326305845        1.5784491942660262E-003
   49.245728279279184        1.6285325088095308E-003
   49.214861950230741        1.6341174701895011E-003
   49.147587885452161        1.6151277187345823E-003
   49.341038094222846        1.6577655752480598E-003
   49.101667304522515        1.5174659107504017E-003
   49.256000690284409        1.4976582937762464E-003
   49.350672735398305        1.4426869025862801E-003
   49.580542262054550        1.4100313131189444E-003
   49.654921038641000        1.3197346210718089E-003
   49.691928631785373        1.1797303084808575E-003
   49.824457890264497        1.0734951785766748E-003
   50.117531594677992        1.0518563316545225E-003
   49.765763941793303        8.2346247116882960E-004
   49.978790276582387        8.0324438307544652E-004
   49.929514342106451        7.0199915076731457E-004
   50.259712951418258        7.4658016569150126E-004
   50.536758811382846        8.0672605029176621E-004
   50.594615155493898        8.1094304004163565E-004
   50.696714704933022        8.4146521754902297E-004
   50.872206964671356        8.9783165127693286E-004
   51.099044393952859        1.0022462339592344E-003
   50.960708548101366        9.8551416682404682E-004
   50.839555929363229        9.6787933689165904E-004
   50.765621126312951        9.8861651760872790E-004
   50.599666905678660        9.7100177087169122E-004
   50.438363842147886        9.4806499112174618E-004
   50.153324539794937        8.6185329005146266E-004
   50.080207339257790        8.1835882989377657E-004
   50.043857934948910        7.9283546308288994E-004
   50.101963739522120        8.0243948326210563E-004
   49.986988191028068        7.5797104678078701E-004
   50.293895905330395        8.7522999582566655E-004
   50.205591474745809        8.5747020709450934E-004
   50.299807668213226        8.8093954572245655E-004
   50.292306165529361        8.5378537229185221E-004
   50.006767135300237        7.4631907381451587E-004
   50.110134773552964        8.0085477279146964E-004
   50.078690162836530        7.9430371547714552E-004
   50.267471687077297        8.8200954485832947E-004
   50.088465652981824        8.5257942215911323E-004
   50.018363679421164        8.7644439552941075E-004
   50.083319201167527        9.4446638802749819E-004
   50.171325832955311        1.0302868468743068E-003
   49.892474224785943        1.0083006065334567E-003
   49.582419321198230        1.0057105325009734E-003
   49.654808558528991        1.1495434731163274E-003
   49.667390735006954        1.2577208992299417E-003
   49.783714950188632        1.4029898808022511E-003
   49.713870394811053        1.4964237833870789E-003
   49.566258324444775        1.5456893886361843E-003
   49.389976890159190        1.5554847156489669E-003
   49.509882574146843        1.6652644360892221E-003
   49.524304229331250        1.7119802678899150E-003
   49.669923384886616        1.7812780053442611E-003
   49.551677522316965        1.7727992677752493E-003
   49.810298580396200        1.8902559675050429E-003
   49.708211789974861        1.8579345719531360E-003
   50.353756023370231        2.0627638135371751E-003
   50.478019469691915        2.1000609263690873E-003
   50.578245553999324        2.1246225892287574E-003
   50.662229622152189        2.1345362286316135E-003
   50.536128764653455        2.0568917268584982E-003
   50.155369356092720        1.9265004774750183E-003
   49.950234454651408        1.8674364427562901E-003
   50.014898133792258        1.9046224230399886E-003
   49.897203057392403        1.8751225939322915E-003
   49.729516392276224        1.8264635581426473E-003
   49.782072889276023        1.8264786001420789E-003
   49.739370656166614        1.7974561970178721E-003
   49.712367234689438        1.7582631156358292E-003
   50.047969066856155        1.8685038298700384E-003
   50.240444281469891        1.9105170730636565E-003
   50.144982637943393        1.8513572983258938E-003
   50.203365273551476        1.8522581713276013E-003
   50.306999654857819        1.9022102600291181E-003
   50.182321123123607        1.8999514152587182E-003
   50.071138683675159        1.9450446404405128E-003
   49.875629343509942        1.9673874421932613E-003
   49.782658701255677        2.0340213463586987E-003
   50.016642360610334        2.2005349938077822E-003
   50.165964046610327        2.3437928109070767E-003
   50.284117666787800        2.4678413590468935E-003
   50.200554040566189        2.5006851372716718E-003
   49.989549170049017        2.4646759595812130E-003
   50.001230883750097        2.5037453745473987E-003
   49.979217686856757        2.5036120876122466E-003
   49.885918457928142        2.4886167022665556E-003
   49.959515321015559        2.5540186551444104E-003
   50.047127854049201        2.6387050482340126E-003
   49.993682344219209        2.6947154196613442E-003
   49.877747144367781        2.7340822195510016E-003
   49.742535428223221        2.7680608458433994E-003
   49.726704992876151        2.8039690498696834E-003
   49.453364655512537        2.7231314299674121E-003
   49.305585778555361        2.6640442690138034E-003
   49.343766608778374        2.6545879755303101E-003
   49.417534526940074        2.6279172234755671E-003
   49.530026549718045        2.5883212996496113E-003
   49.610595944423451        2.5348187447744837E-003
   49.572032644858915        2.4413459946438410E-003
   49.623913915588417        2.3943878818874598E-003
   49.595892258411517        2.3216467984502704E-003
   50.005451282089304        2.4262538673471968E-003
   49.949319367684424        2.3465336334893365E-003
   50.087625481770971        2.3397388346935045E-003
   50.051022048781164        2.2615599162732710E-003
   50.134017122063042        2.2238645939015749E-003
   50.300606861734309        2.1956148760277471E-003
   50.173404744375759        2.0399808944531325E-003
   49.967459482568039        1.8330439565593653E-003
   50.243938744006897        1.7880118011776515E-003
   50.462829410067727        1.7266624192380548E-003
   50.573071572149296        1.6583633512616441E-003
   50.543697866903344        1.5514191171560822E-003
   50.727845496284054        1.5466748843133813E-003
   50.842996903538491        1.5178751802254603E-003
   50.278587780727023        1.2625403403085742E-003
   50.433593436434116        1.2531248490212203E-003
   50.407045513343469        1.1943837033410178E-003
   50.564830519193052        1.2164585405847518E-003
   50.459868700471226        1.1637060481872114E-003
   50.315383377097312        1.1106449421139234E-003
   50.434800615751584        1.1469678946475564E-003
   50.413378821666882        1.1498852874023597E-003
   50.359458911163365        1.1456399980089708E-003
   50.226098362648386        1.1250833787089648E-003
   50.358322307600766        1.1741112935800191E-003
   50.260422897867663        1.1444038345267314E-003
   50.240300715319371        1.1340471239789430E-003
   50.067692121399702        1.0734393161043107E-003
   49.973371431374190        1.0568657255424368E-003
   50.330370473341453        1.2053906888954973E-003
   49.784424326741728        1.0520038709270112E-003
   50.135263722954122        1.2114352580891367E-003
   49.915144370013174        1.1638469054019002E-003
   49.878571514660564        1.1792939061567413E-003
   50.275963399178046        1.3708746625519248E-003
   50.110447277905010        1.3872596819063188E-003
   49.970640378613844        1.4186681700281076E-003
   50.027212014846832        1.5194897879828564E-003
   49.958557638429163        1.5857140055050645E-003
   50.066977843701437        1.7230577418056027E-003
   50.265385639024238        1.9123669091579132E-003
   50.254242030550955        2.0357820465285279E-003
   50.415746027432441        2.2060513989866611E-003
   50.116536082600099        2.2204245253697433E-003
   50.541994642487786        2.5012941948083121E-003
   50.531366972582063        2.6071016347412818E-003
   50.445960415868711        2.6845420020866779E-003
   50.309536443396546        2.7456025509009310E-003
   50.262444849138639        2.8264396551302851E-003
   50.279936294969971        2.9381798366958484E-003
   50.372255775045701        3.0533291906667164E-003
   50.272777037820411        3.0803817567100740E-003
   50.109962602690729        3.0837159367556178E-003
   49.824173699495482        3.0633752823118828E-003
   49.519073729797270        3.0354269019528700E-003
   49.554238662773685        3.1288766373594023E-003
   49.495535753447328        3.1897822195941601E-003
   49.493599853152993        3.2340638346384089E-003
   49.569131613975976        3.2548788554916590E-003
   49.585892397980764        3.2391104768212933E-003
   49.530729825132596        3.2110753616701221E-003
   49.590090350428270        3.1952885559511967E-003
   49.658125237700560        3.1497469406165154E-003
   49.679817957304778        3.0998119208223702E-003
   49.703851140859200        3.0136350175617587E-003
   49.318373593279347        2.7651152644005490E-003
   49.136481503373325        2.5812847654588180E-003
   49.402103264113300        2.5352994695182506E-003
   49.366638656574793        2.3469402693847832E-003
   49.619990300376337        2.2465084140991715E-003
   49.607427170818077        2.0418144250932599E-003
   49.690818319538614        1.8720813525682735E-003
   49.494527475734394        1.6261800226866486E-003
   49.250623076710056        1.3637556858043104E-003
   49.187926289806086        1.1524925825066898E-003
   49.164207545912284        9.5458027616897149E-004
   49.114062656934507        7.6488097725322692E-004
   49.287282736981588        6.7184716171174148E-004
   49.296703140204173        5.0147084345822683E-004
   49.164835268914828        2.5392132899838067E-004
   49.290590539905068        8.9040336459203341E-005
   49.737953078577419        4.2781455378463971E-005
   50.041686722191521       -4.1159640824220968E-005
   50.200606912966236       -1.8346072149333386E-004
   49.958445590760647       -4.4066698972769638E-004
   49.883710170941811       -6.0126545577439611E-004
   49.627530388526857       -8.3687779287723693E-004
   49.467871019124409       -1.0340203485729471E-003
   49.778940973458120       -1.0937477906444502E-003
   49.533705741299762       -1.3452153518236150E-003
   49.226005475247604       -1.5822668807664838E-003
   49.255311037617389       -1.6757281483598297E-003
   49.242481144118301       -1.7476084070045146E-003
   49.440645226321983       -1.7657527572305326E-003
   49.808952376921539       -1.7380513529527371E-003
   49.941053908189382       -1.8251131566052743E-003
   49.850625230383450       -2.0249938553159028E-003
   49.919490969822114       -2.1576573424308678E-003
   49.449574362977430       -2.4851584871960325E-003
   49.353329355707380       -2.6741314348798016E-003
   49.355031893830457       -2.8383284823357393E-003
   49.367427154832853       -3.0066740970028367E-003
   49.524630103921460       -3.1146656155273253E-003
   49.629624178054698       -3.2141762648825473E-003
   49.738852773163934       -3.2982174503372683E-003
   49.767934230549344       -3.4087311060272069E-003
   49.714759270989866       -3.5413684282176749E-003
   49.610243495087282       -3.6711602169510384E-003
   49.749376387683483       -3.6864249725148896E-003
   49.729464407345468       -3.7236481262309688E-003
   49.407199279362231       -3.8500674057118144E-003
   49.252985261665380       -3.9098527307487706E-003
   49.183594059841482       -3.9131467142091113E-003
   48.996334648445782       -3.9457398114443000E-003
   49.356040620828047       -3.7959127533274792E-003
   49.247646292878571       -3.7890531176714170E-003
   49.119251529052541       -3.8042636140654101E-003
   49.160738457153386       -3.7570935696901449E-003
   49.042071597852519       -3.7547086672285309E-003
   48.880130372870930       -3.7943450302772284E-003
   49.109010533915495       -3.6946873742413509E-003
   49.079782598527572       -3.6840786890208954E-003
   49.233159816472543       -3.6048467292089455E-003
   49.201485971360825       -3.6141048083705675E-003
   49.380646380361576       -3.5578756953890422E-003
   49.358214154944804       -3.5712003209792645E-003
   49.379731939425263       -3.5480069401079644E-003
   49.251708006128993       -3.5910595882696042E-003
   49.492517985235366       -3.4924056076366034E-003
   49.645036550415867       -3.4133716321286122E-003
   49.676013075471722       -3.3853480899991447E-003
   49.641216136985847       -3.3953064867855566E-003
   49.684831368292905       -3.3528281779905715E-003
   49.778077400657374       -3.2324891697565637E-003
   50.021736220932119       -3.0770335683309568E-003
   50.323836500309781       -2.9196165424055240E-003
   50.596055395706962       -2.7921356886479089E-003
   50.461439534860070       -2.8086544939716985E-003
   50.381880910773070       -2.7969434367421959E-003
   50.385095559611742       -2.7666071244065362E-003
   50.188773211716772       -2.8171709375516842E-003
   50.201193417529872       -2.7819356905557325E-003
   50.586349231806771       -2.5815268159840189E-003
   50.583942039443080       -2.4795138898930716E-003
   50.447842897025744       -2.3895159809036921E-003
   50.575955523959657       -2.2128064482312458E-003
   50.674004803009304       -2.0567333805812374E-003
   50.706262897125548       -1.9349913704151110E-003
   50.428075098664742       -1.9116602648126340E-003
   50.114906694399217       -1.8612623257090995E-003
   50.176792917191143       -1.6556105685747718E-003
   50.225848972297882       -1.4224335996226782E-003
   50.474675632481187       -1.0947858435506734E-003
   50.368817323026775       -8.9536475948769230E-004
   50.491400420523668       -6.2000152398687918E-004
   50.465687107045994       -4.0794603857271589E-004
   50.448795247754937       -1.9936510260915079E-004
   50.028117579490079       -1.2824334458713904E-004
   50.221755720384884        1.6400611489491830E-004
   49.961166622607067        2.7668180001278933E-004
   49.785897835882231        3.9871389274657770E-004
   49.615321274816949        4.8473284321575778E-004
   49.539369346677297        5.9914617799975464E-004
   49.655485518432656        7.4600986840561256E-004
   49.618197008512219        8.5125371264250876E-004
   49.163614543278804        8.0857245547071358E-004
   49.208380255429397        9.0986792592109031E-004
   49.186702361581517        9.6787767620968516E-004
   48.886503287536428        8.9431981293031874E-004
   48.986471361883801        9.2330970884535782E-004
   49.014235454044183        9.1845814440883486E-004
   48.926997740945545        8.3897393774308665E-004
   48.898444857731420        7.7673528480203511E-004
   48.989956404561873        7.3768599555707826E-004
   49.141573978484921        7.2076899866821214E-004
   48.580944851856330        4.0894112274855152E-004
   48.565871817096109        2.9056439413416339E-004
   48.758314158608250        2.2791726988176535E-004
   48.960705439002027        1.4342841581202917E-004
   49.154075860465717        6.3802659448207056E-005
   49.129347533189396       -9.6813774523483065E-005
   49.242726489083644       -2.0660557581298432E-004
   49.302052063029322       -3.5521583382293835E-004
   49.334075649771520       -5.4144832592122852E-004
   49.490711485683846       -6.9228348912181979E-004
   49.720801659814718       -7.9903420930438210E-004
   49.603269931126171       -1.0241688542921490E-003
   49.597984429762164       -1.2049600072217078E-003
   49.506593828067352       -1.4194015042642222E-003
   49.703226423762146       -1.5063114299308398E-003
   50.040587351824001       -1.5599559432849233E-003
   49.885822786213922       -1.7662902228646456E-003
   49.772153912571724       -1.9159136402904686E-003
   49.766132273273257       -2.0248668739292768E-003
   49.902915648681358       -2.0744390614000270E-003
   50.012753030654935       -2.1081783979075034E-003
   49.989639212571035       -2.1881101488830088E-003
   50.147108533009416       -2.2221614751846133E-003
   50.124060282844894       -2.2633785590348062E-003
   50.044804448486929       -2.2899077238302114E-003
   50.154045332362493       -2.2324453294732273E-003
   49.819717235781283       -2.2910257684898658E-003
   49.799416480738344       -2.2091133947607471E-003
   49.901804324589470       -2.0855473906641960E-003
   49.701973738754994       -2.0769149027912250E-003
   49.563676849642327       -2.0506361802086724E-003
   49.486428473157098       -1.9863194003769424E-003
   49.734438781469414       -1.8173802589256684E-003
   49.615563159725561       -1.7550419910087264E-003
   49.704160193758931       -1.6236937348300573E-003
   49.584781317852773       -1.5817729265674341E-003
   49.580140600131003       -1.5042324571778517E-003
   49.323776046287868       -1.5268022486737878E-003
   49.274155959717099       -1.5147106721806185E-003
   49.089894730163813       -1.5506840080195320E-003
   49.151392302829443       -1.5150504406404354E-003
   49.023008269783602       -1.5387228895303027E-003
   48.792762973644777       -1.5791445604695512E-003
   48.815799952266865       -1.5513247557375858E-003
   48.617461456243170       -1.6404661742613377E-003
   48.594185010671424       -1.7095076081093039E-003
   48.424733013582667       -1.8246513751103539E-003
   48.653682309855292       -1.8371727385127394E-003
   48.538719592147501       -2.0316291273906576E-003
   48.959602443404414       -2.0376587054279989E-003
   48.656304955139809       -2.2987986509835157E-003
   48.988111362438907       -2.3323432313378410E-003
   49.183939979111798       -2.4396933638351102E-003
   49.164481924765958       -2.6087442830343430E-003
   49.228260089371652       -2.7585679275113429E-003
   49.290600821249683       -2.8720720923675401E-003
   49.275017705624258       -3.0139133015529454E-003
   48.966819063813574       -3.2482229303732579E-003
   48.780428573764446       -3.4072173942222184E-003
   48.445082865724345       -3.6404536782013194E-003
   48.594020627590460       -3.6944207094648292E-003
   48.946727216518887       -3.6815635806469902E-003
   49.062110183839394       -3.7362315942611793E-003
   49.102733992198637       -3.7611582096513368E-003
   49.206102634542702       -3.7440206721178555E-003
   49.354933020302475       -3.7046920393469587E-003
   49.638733047673682       -3.6228253778889689E-003
   49.461725596944383       -3.6908493009311545E-003
   49.140218906234708       -3.7643306053273869E-003
   49.322476353819489       -3.6558637830386128E-003
   49.126930977351911       -3.6726251167695902E-003
   49.350385830976435       -3.5349087943919205E-003
   49.408857364503660       -3.4764630204854831E-003
   49.463957876656934       -3.4024136414225210E-003
   49.784964001365601       -3.2340433027136070E-003
   49.864504515445944       -3.1138737436208117E-003
   50.080986445271876       -2.9194009954857008E-003
   49.990753409543530       -2.8385957905541436E-003
   49.784986669870925       -2.8108108976562557E-003
   49.662121297481995       -2.7649210060260031E-003
   49.749383928405734       -2.6398749038079291E-003
   49.740440498375804       -2.5293044203545494E-003
   50.100908475888708       -2.2997102538484782E-003
   50.063699314037692       -2.2180394119773131E-003
   49.744583135568689       -2.2255074025170096E-003
   49.861628345271683       -2.1082611590115341E-003
   50.184877918572084       -1.9204528529579150E-003
   50.076140171541184       -1.8743683937045516E-003
   50.359634987463558       -1.6832804542389159E-003
   50.462792445283746       -1.5371783242406811E-003
   50.266388400099302       -1.4943996873363933E-003
   49.968099402621405       -1.5020830354212920E-003
   49.911525269611118       -1.4046765818246697E-003
   49.660125651982256       -1.4024083709895617E-003
   49.759685709659934       -1.2675252791275657E-003
   50.005911780957433       -1.0368623355793303E-003
   50.027635542777915       -8.6057873590115357E-004
   49.727020229139178       -7.6039249983530100E-004
   49.570736768482284       -6.0977339866609024E-004
   49.424816022451488       -4.6515833034506740E-004
   49.027069796475260       -4.4020507380207094E-004
   48.833655398237838       -3.8521046569281410E-004
   48.784375242807883       -3.2114118281578827E-004
   48.927952867882411       -1.7406924510398242E-004
   48.980318172100517       -5.2617423555891296E-005
   48.873760251728889        3.0193247670108804E-005
   48.951270288149892        1.6062814326208756E-004
   49.104330510695469        2.7557116409965217E-004
   49.151784487461107        3.3678578966197398E-004
   48.789679994618531        2.4562720436027366E-004
   48.618752603698795        1.7338580000163310E-004
   48.664300878398763        1.6008482519853009E-004
   48.780077969352334        1.4460050246039831E-004
   48.640695077781906        5.7611239081277617E-005
   48.735769916632854        3.6724506181413905E-005
   48.646242658784878       -8.7031928380153285E-005
   48.869973316441289       -9.5949292659558519E-005
   48.630236705373008       -2.6815768119153324E-004
   48.679527122572196       -3.4414520232258568E-004
   49.157782599865477       -2.6264079738515505E-004
   49.354208070339972       -2.6676748534719462E-004
   49.475468757550928       -2.7941411224974532E-004
   49.113705676378480       -4.7813192169596425E-004
   49.159806802620345       -5.6379530913331353E-004
   49.027061575983609       -7.2812043032336978E-004
   49.269637509122575       -7.4648003360085159E-004
   49.017747741778976       -8.9763180003447787E-004
   49.024095548173783       -9.5559583634472888E-004
   49.137900840517425       -9.5292061075229249E-004
   49.286726499161503       -9.2172955636611294E-004
   49.491352977996947       -8.4558331468867921E-004
   49.470040292876213       -8.5249913880393140E-004
   49.535447875550695       -8.4411511118877292E-004
   49.450703596740070       -8.4767354801367259E-004
   49.255885362062394       -8.9410854514242362E-004
   49.130843262788055       -9.0333241306775022E-004
   49.359235427429176       -7.9917700874371092E-004
   49.108541209880819       -8.6478758166177311E-004
   49.034878022064433       -9.0404562190568366E-004
   48.671196300384103       -1.0893445569369155E-003
   48.914750421723646       -1.0812533350626694E-003
   48.992885788907500       -1.1503856185273429E-003
   49.082201082998203       -1.2127385573178578E-003
   48.996157358945688       -1.3375539645249070E-003
   49.229241250150750       -1.3641326222474130E-003
   49.263388203766979       -1.4519927009846736E-003
   49.047882332476888       -1.6277966013906275E-003
   48.916103636425468       -1.7428857162828132E-003
   49.062854627965940       -1.7643665632725747E-003
   49.160432532229315       -1.7919320726318367E-003
   49.243096664924778       -1.8343907935469271E-003
   49.165501331491022       -1.9295302061581026E-003
   49.065946368153725       -2.0084999713593176E-003
   49.279792197752407       -1.9648953825670053E-003
   49.681780737720651       -1.8130507955973947E-003
   49.886079355193623       -1.7099882607262420E-003
   49.781547032613894       -1.6306450781841206E-003
   49.640938906082148       -1.5184887821112661E-003
   49.301286219285785       -1.4592631275895012E-003
   49.265492275547601       -1.2761338084619222E-003
   49.347121163202161       -1.0391276389169139E-003
   49.562112020174823       -7.4435409001871462E-004
   49.236110405230143       -6.1579353586780760E-004
   49.070960947483023       -4.7334949568369832E-004
   49.064448445395612       -2.9253135498934901E-004
   49.006536542645399       -1.5462969072684867E-004
