   54.200733324106167     
   54.201456200792421     
   54.202555080300534     
   54.204020902311520     
   54.205844028189368     
   54.208014230377316     
   54.210520682130912     
   54.213351947493337     
   54.216495971519500     
   54.219940070799424     
   54.223670924287532     
   54.227674564528556     
   54.231936369361812     
   54.236441054105484     
   54.241172664348355     
   54.246114569487041     
   54.251249456845159     
   54.256559326716491     
   54.262025488646664     
   54.267628558733797     
   54.273348458018361     
   54.279164412527770     
   54.285054954819955     
   54.290997927211826     
   54.296970487474546     
   54.302949116473094     
   54.308909628463518     
   54.314827184240556     
   54.320676307095759     
   54.326430902339702     
   54.332064281601788     
   54.337549189066536     
   54.342857833787363     
   54.347961927773426     
   54.352832727911469     
   54.357441086045085     
   54.361757502434891     
   54.365752187705425     
   54.369395134992473     
   54.372656197354203     
   54.375505173109147     
   54.377911903691327     
   54.379846381699146     
   54.381278868274947     
   54.382180021255415     
   54.382521035343785     
   54.382273799001325     
   54.381411062121970     
   54.379906617935625     
   54.377735497532932     
   54.374874178834489     
   54.371300818324471     
   54.366995491224706     
   54.361940446092063     
   54.356120379759361     
   54.349522724695362     
   54.342137951761103     
   54.333959887924173     
   54.324986043717800     
   54.315217945625129     
   54.304661491243920     
   54.293327307105521     
   54.281231102240170     
   54.268394034607482     
   54.254843071927752     
   54.240611344169537     
   54.225738481022056     
   54.210270939602552     
   54.194262320768871     
   54.177773644891857     
   54.160873596874445     
   54.143638743292186     
   54.126153693342026     
   54.108511223035350     
   54.090812318001895     
   54.073166170717734     
   54.055690131186537     
   54.038509537012850     
   54.021757514699772     
   54.005574663725426     
   53.990108655862635     
   53.975513805443477     
   53.961950524928795     
   53.949584699140956     
   53.938586991554466     
   53.929132095083460     
   53.921397924872203     
   53.915564758069010     
   53.911814359436619     
   53.910329071424322     
   53.911290883950407     
   53.914880588819244     
   53.921276888410262     
   53.930655514410191     
   53.943188522748450     
   53.959043626121691     
   53.978383588436905     
   54.001365755403313     
   54.028141665155076     
   54.058856802897033     
   54.093650511810075     
   54.132656008958563     
   54.176000549043806     
   54.223805708298450     
   54.276187794798950     
   54.333258389193880     
   54.395124997948187     
   54.461891770756338     
   54.533660271730717     
   54.610530409995668     
   54.692601330067603     
   54.779972400063755     
   54.872744095334134     
   54.971018940224702     
   55.074902561468278     
   55.184504471229317     
   55.299938972387082     
   55.421325960428049     
   55.548791608122549     
   55.682468995203777     
   55.822498657916206     
   55.969029080064651     
   56.122217054961752     
   56.282228008709239     
   56.449236219737799     
   56.623424883460245     
   56.804986138322683     
   56.994121152450028     
   57.191039836779332     
   57.395960619650545     
   57.609110458170676     
   57.830724323636765     
   58.061044779073171     
   58.300321743771534     
   58.548812026957393     
   58.806778944293548     
   59.074491780777514     
   59.352225219672583     
   59.640258894795117     
   59.938876843888103     
   60.248366858876111     
   60.569020041422256     
   60.901130425065908     
   61.244994360008938     
   61.600909921351018     
   61.969176387516342     
   62.350093852787126     
   62.743962665347610     
   63.151082952003364     
   63.571754155955105     
   64.006274648085295     
   64.454941268502594     
   64.918048734197697     
   65.395889410407065     
   65.888752970054966     
   66.396925863267356     
   66.920690926227849     
   67.460327174247837     
   68.016109213149122     
   68.588306995776975     
   69.177185566863301     
   69.783004662087166     
   70.406018299556777     
   71.046474273788320     
   71.704614143269424     
   72.380672846557189     
   73.074878183660189     
   73.787450522782450     
   74.518602652518808     
   75.268539232773037     
   76.037456431113782     
   76.825541602490816     
   77.632972905027316     
   78.459919048449308     
   79.306538675598276     
   80.172980099056531     
   81.059380831445296     
   81.965867088472194     
   82.892553421979002     
   83.839542319800429     
   84.806923708987398     
   85.794774349837496     
   86.803157389894807     
   87.832121951640829     
   88.881702557535434     
   89.951918490646463     
   91.042773315187972     
   92.154254319829931     
   93.286331870483693     
   94.438958845544590     
   95.612070111411057     
   96.805581794706612     
   98.019390741355167     
   99.253373802429152     
   100.50738724430151     
   101.78126629246466     
   103.07482403953161     
   104.38785112550930     
   105.72011528410320     
   107.07136022087738     
   108.44130519300313     
   109.82964459472348     
   111.23604717156182     
   112.66015547823010     
   114.10158519880461     
   115.55992449775525     
   117.03473383951278     
   118.52554524474198     
   120.03186190597962     
   121.55315780635344     
   123.08887711071711     
   124.63843399242485     
   126.20121238334616     
   127.77656577435310     
   129.36381704491700     
   130.96225809669269     
   132.57115000855094     
   134.18972322483268     
   135.81717754469378     
   137.45268233797412     
   139.09537696158716     
   140.74437096110256     
   142.39874457257881     
   144.05754951119948     
   145.71980953738856     
   147.38452161752923     
   149.05065664466088     
   150.71716063619797     
   152.38295583239105     
   154.04694211579954     
   155.70799883544558     
   157.36498620552567     
   159.01674714614836     
   160.66210907938370     
   162.29988574647652     
   163.92887976387445     
   165.54788492850483     
   167.15568861494006     
   168.75107437948984     
   170.33282405734852     
   171.89972080822056     
   173.45055193183239     
   174.98411169186539     
   176.49920410501468     
   177.99464529266058     
   179.46926654421847     
   180.92191742991326     
   182.35146765463941     
   183.75680966854708     
   185.13686118490443     
   186.49056692217911     
   187.81690088901306     
   189.11486768156828     
   190.38350358470288     
   191.62187770582162     
   192.82909255661653     
   194.00428413811235     
   195.14662185729469     
   196.25530807249251     
   197.32957688451077     
   198.36869312170202     
   199.37195039855368     
   200.33866919323097     
   201.26819510751562     
   202.15989624847992     
   203.01316086040666     
   203.82739474881782     
   204.60201907725542     
   205.33646780101313     
   206.03018556667408     
   206.68262608585152     
   207.29325049253265     
   207.86152649303452     
   208.38692777358881     
   208.86893463796440     
   209.30703433996922     
   209.70072198717898     
   210.04950335709796     
   210.35289732786316     
   210.61043844163945     
   210.82168123311357     
   210.98620364703009     
   211.10361171797166     
   211.17354513530231     
   211.19568151817822     
   211.16974179023188     
   211.09549511583631     
   210.97276378004290     
   210.80142806072226     
   210.58143008251528     
   210.31277773205056     
   209.99554854110661     
   209.62989217285121     
   209.21603209983573     
   208.75426776044529     
   208.24497533498629     
   207.68860733536548     
   207.08569289136071     
   206.43683670802585     
   205.74271642992443     
   205.00408064887390     
   204.22174682488455     
   203.39659780346793     
   202.52957812033785     
   201.62169037662912     
   200.67399131383740     
   199.68758809110543     
   198.66363408269760     
   197.60332461159732     
   196.50789363478660     
   195.37860990765779     
   194.21677356488655     
   193.02371307044857     
   191.80078225766050     
   190.54935774717330     
   189.27083653180279     
   187.96663417065358     
   186.63818342386622     
   185.28693271664218     
   183.91434499338567     
   182.52189706962739     
   181.11107835093489     
   179.68339034380861     
   178.24034602477994     
   176.78346900522195     
   175.31429296351232     
   173.83436031751191     
   172.34522132947998     
   170.84843279182081     
   169.34555577558984     
   167.83815396514433     
   166.32779133782054     
   164.81602893252324     
   163.30442199211137     
   161.79451594085447     
   160.28784235546368     
   158.78591476865989     
   157.29022367442377     
   155.80223152303495     
   154.32336722766618     
   152.85502050103230     
   151.39853618773478     
   149.95520873595140     
   148.52627623631111     
   147.11291464602186     
   145.71623292683876     
   144.33726793685719     
   142.97697960395723     
   141.63624694939281     
   140.31586452896332     
   139.01653942846366     
   137.73888884877744     
   136.48343906835183     
   135.25062480204883     
   134.04078907371053     
   132.85418437857027     
   131.69097432919114     
   130.55123611054688     
   129.43496380210797     
   128.34207219460188     
   127.27240130965359     
   126.22572111941778     
   125.20173692709190     
   124.20009547407714     
   123.22039068066793     
   122.26216973804412     
   121.32493919820412     
   120.40817099339613     
   119.51130846376348     
   118.63377240803948     
   117.77496676884202     
   116.93428370124499     
   116.11110842802447     
   115.30482395848861     
   114.51481522206778     
   113.74047279412297     
   112.98119613787371     
   112.23639647193487     
   111.50549944506078     
   110.78794713796083     
   110.08319979187642     
   109.39073725203657     
   108.71005978134718     
   108.04068880957280     
   107.38216771566698     
   106.73406141005755     
   106.09595623554034     
   105.46746034962263     
   104.84820320596420     
   104.23783506405448     
   103.63602605723518     
   103.04246549876584     
   102.45686138547370     
   101.87893937502389     
   101.30844195966586     
   100.74512735034345     
   100.18876857486657     
   99.639152844906818     
   99.096080706865521     
   98.559365032764788     
   98.028829744662332     
   97.504309421836751     
   96.985648575242166     
   96.472700481696208     
   95.965326957225045     
   95.463397494295847     
   94.966788343209373     
   94.475382069845836     
   93.989067239164442     
   93.507737776751924     
   93.031292446562787     
   92.559634641628193     
   92.092671877243532     
   91.630315442699725     
   91.172480011235280     
   90.719083506329468     
   90.270046946441155     
   89.825294101215633     
   89.384751647186349     
   88.948348840929995     
   88.516017240560885     
   88.087690926639496     
   87.663306492696265     
   87.242802781207772     
   86.826120889535233     
   86.413204263882420     
   86.003998848185987     
   85.598452972227363     
   85.196517215745658     
   84.798144863736567     
   84.403291755657420     
   84.011916259597072     
   83.623979246897690     
   83.239444159158168     
   82.858277176338177     
   82.480447132887733     
   82.105925674698895     
   81.734687238937568     
   81.366708973543368     
   81.001970623456216     
   80.640454765096280     
   80.282146579485413     
   79.927033785595881     
   79.575106832150468     
   79.226358644331711     
   78.880784613397211     
   78.538382402060577     
   78.199152035340930     
   77.863095783128998     
   77.530217931437932     
   77.200524661248650     
   76.874023972081659     
   76.550725713582423     
   76.230641341233323     
   75.913783678205917     
   75.600166872190954     
   75.289806414733917     
   74.982718709007315     
   74.678921103249891     
   74.378431949369158     
   74.081270305410584     
   73.787455805212232     
   73.497008518559213     
   73.209948967633437     
   72.926297986174220     
   72.646076655544405     
   72.369306222748463     
   72.096007710887704     
   71.826202157089398     
   71.559910632565632     
   71.297154017557972     
   71.037953085571274     
   70.782328330333797     
   70.530299979714655     
   70.281888245289778     
   70.037113038032402     
   69.795993978165370     
   69.558550487076573     
   69.324801634555968     
   69.094766378589256     
   68.868463651076468     
   68.645912183369290     
   68.427130420409611     
   68.212136833145905     
   68.000950122594318     
   67.793588925255051     
   67.590071903119053     
   67.390418047300088     
   67.194646551004112     
   67.002776979198089     
   66.814829288894316     
   66.630823977396020     
   66.450781914929053     
   66.274724579123870     
   66.102674101602531     
   65.934653045366389     
   65.770684971283913     
   65.610794249032708     
   65.455005960849391     
   65.303345993117375     
   65.155841038308026     
   65.012518767422435     
   64.873407586603165     
   64.738536834560406     
   64.607936858201327     
   64.481638771472035     
   64.359674556179783     
   64.242076934503459     
   64.128879110514021     
   64.020114845840766     
   63.915818616491336     
   63.816025550185444     
   63.720771051957421     
   63.630090613026212     
   63.544019948102267     
   63.462594917382965     
   63.385851098425469     
   63.313823741958515     
   63.246547869477965     
   63.184057982312268     
   63.126387978961013     
   63.073570565685891     
   63.025637457088386     
   62.982619288600446     
   62.944545203293593     
   62.911442933548074     
   62.883338516382835     
   62.860256152220153     
   62.842217963602678     
   62.829244052005436     
   62.821352332569944     
   62.818558369858160     
   62.820875238262403     
   62.828313558976980     
   62.840881240029724     
   62.858583434102201     
   62.881422661376931     
   62.909398624498174     
   62.942508109748061     
   62.980744982376663     
   63.024100447175364     
   63.072562936185392     
   63.126118131359071     
   63.184749011792938     
   63.248435885674837     
   63.317156470427022     
   63.390886033443344     
   63.469597702413729     
   63.553262188417143     
   63.641847849122691     
   63.735321292477614     
   63.833647320901079     
   63.936788846833714     
   64.044707353922036     
   64.157363026689737     
   64.274714890023446     
   64.396720781673395     
   64.523337477107873     
   64.654521181887446     
   64.790227385756538     
   64.930411154777445     
   65.075027165155390     
   65.224029811090617     
   65.377373659640682     
   65.535013222075079     
   65.696902860860234     
   65.862997186089899     
   66.033251190527992     
   66.207620141557854     
   66.386059654332840     
   66.568525766607863     
   66.754974900285106     
   66.945363846730729     
   67.139649875272298     
   67.337790559024981     
   67.539743815170709     
   67.745467900418035     
   67.954921218405730     
   68.168062346626527     
   68.384849992278362     
   68.605242697206421     
   68.829198860545233     
   69.056676878715550     
   69.287634668200823     
   69.522029791633798     
   69.759819242719345     
   70.000959157164246     
   70.245405120961166     
   70.493111831259000     
   70.744032839021656     
   70.998120688838696     
   71.255326846747749     
   71.515601645122914     
   71.778894098440176     
   72.045151942432199     
   72.314321639537596     
   72.586348214433727     
   72.861175336654171     
   73.138745285684507     
   73.418999033870122     
   73.701876304762536     
   73.987315608369386     
   74.275254502560472     
   74.565629363504158     
   74.858375415318605     
   75.153427326593501     
   75.450719197709958     
   75.750184579188939     
   76.051756509200146     
   76.355367774039991     
   76.660951427140247     
   76.968440584993431     
   77.277768643421496     
   77.588869662924949     
   77.901678489614071     
   78.216130973917487     
   78.532163853307750     
   78.849715256051226     
   79.168724992688212     
   79.489134619208301     
   79.810887550617949     
   80.133929078793798     
   80.458206853065917     
   80.783670833179670     
   81.110273413494497     
   81.437969906428776     
   81.766718212622848     
   82.096478826042897     
   82.427215420491876     
   82.758894686459556     
   83.091486272180347     
   83.424963123633987     
   83.759301376219057     
   84.094480200663611     
   84.430481855803393     
   84.767291836695804     
   85.104898892515962     
   85.443294734092134     
   85.782473936886717     
   86.122434178729620     
   86.463176219192604     
   86.804703516703370     
   87.147022073134906     
   87.490140581937965     
   87.834070306099690     
   88.178824711361472     
   88.524419437912371     
   88.870872388536583     
   89.218203314201745     
   89.566433564404406     
   89.915585984395861     
   90.265684838465148     
   90.616755770773352     
   90.968825296208010     
   91.321920786358419     
   91.676070146359777     
   92.031301673851743     
   92.387643978284757     
   92.745125526255336     
   93.103774758400121     
   93.463619791627025     
   93.824687774505080     
   94.187004990533751     
   94.550596861774920     
   94.915487392322063     
   95.281699204595213     
   95.649253390349244     
   96.018169067256324     
   96.388463268019592     
   96.760151014679948     
   97.133244816992004     
   97.507754509337374     
   97.883687232649649     
   98.261047176982871     
   98.639835627461522     
   99.020050657139052     
   99.401686894037070     
   99.784735569309106     
   100.16918445496869     
   100.55501781965995     
   100.94221606878443     
   101.33075566363773     
   101.72060930317400     
   102.11174597079010     
   102.50413051236019     
   102.89772361848887     
   103.29248204807239     
   103.68835849045315     
   104.08530155269408     
   104.48325588973010     
   104.88216211623559     
   105.28195654794671     
   105.68257161354853     
   106.08393578296372     
   106.48597362831528     
   106.88860589273543     
   107.29174924387715     
   107.69531657148360     
   108.09921699505391     
   108.50335583000378     
   108.90763480579702     
   109.31195189905361     
   109.71620156604031     
   110.12027482804424     
   110.52405929777450     
   110.92743935134206     
   111.33029578878225     
   111.73250605694045     
   112.13394453638949     
   112.53448242779525     
   112.93398811292973     
   113.33232690030752     
   113.72936139379520     
   114.12495136475290     
   114.51895369484410     
   114.91122285382680     
   115.30161084937193     
   115.68996745356115     
   116.07614015088062     
   116.45997445358353     
   116.84131382895109     
   117.21999989077298     
   117.59587275393839     
   117.96877135866390     
   118.33853334171245     
   118.70499515211638     
   119.06799251373977     
   119.42736035284499     
   119.78293338745186     
   120.13454612890385     
   120.48203308297701     
   120.82522951558128     
   121.16397098666943     
   121.49809382097857     
   121.82743572231929     
   122.15183572094502     
   122.47113477951559     
   122.78517591799468     
   123.09380425694350     
   123.39686749886236     
   123.69421616304318     
   123.98570411514942     
   124.27118878912677     
   124.55053098427207     
   124.82359559124009     
   125.09025157816195     
   125.35037223953186     
   125.60383596826966     
   125.85052620907179     
   126.09033134596733     
   126.32314531431732     
   126.54886831120481     
   126.76740575056517     
   126.97866868950150     
   127.18257468188297     
   127.37904781788384     
   127.56801827764929     
   127.74942261982662     
   127.92320459196010     
   128.08931438190339     
   128.24770881067897     
   128.39835142889066     
   128.54121257475063     
   128.67626934297286     
   128.80350554899914     
   128.92291167739765     
   129.03448425305046     
   129.13822631221302     
   129.23414692364275     
   129.32226086518972     
   129.40258891981770     
   129.47515757981648     
   129.53999829841069     
   129.59714711551260     
   129.64664508128740     
   129.68853753664609     
   129.72287339056669     
   129.74970481083793     
   129.76908727834859     
   129.78107909435792     
   129.78574072484736     
   129.78313454364172     
   129.77332461497491     
   129.75637567721026     
   129.73235304108553     
   129.70132281015327     
   129.66335096094792     
   129.61850280161028     
   129.56684309853239     
   129.50843574336577     
   129.44334309055805     
   129.37162634493077     
   129.29334495926136     
   129.20855625555572     
   129.11731546290088     
   129.01967561378765     
   128.91568766404043     
   128.80540008856292     
   128.68885870511895     
   128.56610728725445     
   128.43718724113151     
   128.30213706353015     
   128.16099262050125     
   128.01378723917483     
   127.86055184255014     
   127.70131500625870     
   127.53610301878477     
   127.36493913869103     
   127.18784349346198     
   127.00483383164790     
   126.81592537258993     
   126.62113016073893     
   126.42045709583215     
   126.21391236365604     
   126.00149889985198     
   125.78321618541854     
   125.55906047130337     
   125.32902464565247     
   125.09309779643910     
   124.85126549551627     
   124.60351007165323     
   124.34981032246405     
   124.09014180722981     
   123.82447695858662     
   123.55278552568231     
   123.27503474377976     
   122.99118932943078     
   122.70121244351424     
   122.40506632639793     
   122.10271265318268     
   121.79411310413687     
   121.47923019547783     
   121.15802835618072     
   120.83047464274044     
   120.49653947935018     
   120.15619773981622     
   119.80942963115913     
   119.45622155464356     
   119.09656710119600     
   118.73046810067578     
   118.35793549878180     
   117.97898983322118     
   117.59366241702320     
   117.20199593515338     
   116.80404480226682     
   116.39987597092234     
   115.98956929890250     
   115.57321834512494     
   115.15093041469865     
   114.72282645090117     
   114.28904160364920     
   113.84972502859583     
   113.40503985019794     
   112.95516274975608     
   112.50028394530021     
   112.04060706879218     
   111.57634822141273     
   111.10773590484045     
   110.63501042231316     
   110.15842303111275     
   109.67823556042606     
   109.19471974377731     
   108.70815635055459     
   108.21883467681974     
   107.72705175293333     
   107.23311151193231     
   106.73732428998839     
   106.24000605829194     
   105.74147767501462     
   105.24206420968557     
   104.74209393143245     
   104.24189790979779     
   103.74180996289597     
   103.24216554811211     
   102.74330119792866     
   102.24555426452810     
   101.74926227807858     
   101.25476251565999     
   100.76239145405556     
   100.27248449924187     
   99.785375606247527     
   99.301396696873482     
   98.820877479404729     
   98.344144962251193     
   97.871522950656157     
   97.403332057401471     
   96.939888846264111     
   96.481505239396881     
   96.028488462858405     
   95.581140581871978     
   95.139757896245655     
   94.704630336846463     
   94.276040817777357     
   93.854265079302436     
   93.439571093346615     
   93.032218210086000     
   92.632456647146384     
   92.240527030000067     
   91.856659794460981     
   91.481074543876360     
   91.113979479751109     
   90.755570672234626     
   90.406031725143109     
   90.065533532755083     
   89.734233382906098     
   89.412274634888831     
   89.099786638536671     
   88.796884433948307     
   88.503668200137184     
   88.220223117124817     
   87.946619642485260     
   87.682913232268930     
   87.429144380910657     
   87.185338482352066     
   86.951506093417890     
   86.727643148308303     
   86.513731530535054     
   86.309739093247799     
   86.115619581723180     
   85.931313576425353     
   85.756748972343374     
   85.591841140188549     
   85.436493427797501     
   85.290597755978183     
   85.154035359554328     
   85.026677266082999     
   84.908384623344205     
   84.799009462372794     
   84.698395344263545     
   84.606377630248730     
   84.522784225988275     
   84.447436460763726     
   84.380149372031752     
   84.320732273213025     
   84.268989254291341     
   84.224719869552260     
   84.187719688583186     
   84.157780709193105     
   84.134692176520915     
   84.118240962333445     
   84.108212187139202     
   84.104389478435053     
   84.106555273139705     
   84.114491688559013     
   84.127980982427829     
   84.146806006726337     
   84.170750691944818     
   84.199600530499708     
   84.233142682566410     
   84.271166511998061     
   84.313464339038447     
   84.359831519194472     
   84.410066886411485     
   84.463973272854318     
   84.521357602565246     
   84.582031261005866     
   84.645810513798779     
   84.712516858268273     
   84.781977385368549     
   84.854024787157769     
   84.928497573088478     
   85.005240304500504     
   85.084103809636161     
   85.164945575444719     
   85.247629612765493     
   85.332026467914986     
   85.418013590480797     
   85.505475337727148     
   85.594303052122342     
   85.684395030318612     
   85.775656535699952     
   85.867999808723113     
   85.961343709801284     
   86.055613795879182     
   86.150742362955043     
   86.246668444697178     
   86.343337550334283     
   86.440701686197912     
   86.538718813013034     
   86.637352797358162     
   86.736573444582007     
   86.836355944414464     
   86.936680907898506     
   87.037533924159575     
   87.138905470888858     
   87.240790533134088     
   87.343188203083642     
   87.446101633480595     
   87.549537292236366     
   87.653504976853824     
   87.758017698291908     
   87.863090924802734     
   87.968742471603179     
   88.074992055847801     
   88.181860784727832     
   88.289371190646378     
   88.397546778939102     
   88.506411542962979     
   88.615989873048761     
   88.726305685748869     
   88.837382450651575     
   88.949243185149726     
   89.061909683719449     
   89.175402610990986     
   89.289741147544930     
   89.404942437408408     
   89.521021482825020     
   89.637990947275355     
   89.755861147016532     
   89.874639696758450     
   89.994331158022248     
   90.114937115725056     
   90.236456102935094     
   90.358883358931379     
   90.482210650876638     
   90.606426465929175     
   90.731515886975799     
   90.857460709923771     
   90.984239328012507     
   91.111826461834212     
   91.240193481856906     
   91.369308427419170     
   91.499136196162112     
   91.629638676045033     
   91.760774778296977     
   91.892500418457288     
   92.024768672781065     
   92.157530382633524     
   92.290733814759875     
   92.424324952964469     
   92.558248063039485     
   92.692445312742549     
   92.826856996734918     
   92.961422089934956     
   93.096078470511216     
   93.230762642520446     
   93.365410309535477     
   93.499956469252581     
   93.634335796151774     
   93.768482630143026     
   93.902330887477675     
   94.035814822323204     
   94.168868962030643     
   94.301428005644098     
   94.433427200933110     
   94.564802683064116     
   94.695491405882677     
   94.825431260298430     
   94.954561296550168     
   95.082821778308571     
   95.210154208525211     
   95.336501505299609     
   95.461808149286398     
   95.586020311416078     
   95.709085897662803     
   95.830954560986399     
   95.951577762466727     
   96.070909076511583     
   96.188904113300211     
   96.305520159059469     
   96.420716591623147     
   96.534455122680967     
   96.646699371572439     
   96.757414899795606     
   96.866569438206682     
   96.974132711901035     
   97.080076367843688     
   97.184374090442887     
   97.287001437635467     
   97.387935791799478     
   97.487156301738011     
   97.584643440068902     
   97.680379228517609     
   97.774347223939159     
   97.866532294845840     
   97.956920160414839     
   98.045497404952741     
   98.132251370773417     
   98.217169759990114     
   98.300240776088430     
   98.381452536035766     
   98.460792753375529     
   98.538248846773826     
   98.613807851220614     
   98.687455641412129     
   98.759176858423970     
   98.828954784934098     
   98.896771119927038     
   98.962605861534755     
   99.026436947255931     
   99.088240277450510     
   99.147989484504222     
   99.205655638877388     
   99.261207624819036     
   99.314611920778816     
   99.365832044411491     
   99.414829402316528     
   99.461562895306542     
   99.505988835344425     
   99.548061859482459     
   99.587734568247143     
   99.624957605028968     
   99.659680005125082     
   99.691849777553287     
   99.721414458269692     
   99.748321192451826     
   99.772517013530361     
   99.793949309340832     
   99.812566560484399     
   99.828318580739847     
   99.841156989188718     
   99.851036058271546     
   99.857913120624858     
   99.861748716092592     
   99.862507224753855     
   99.860157660050575     
   99.854674041764142     
   99.846035631015383     
   99.834227831274731     
   99.819242505121224     
   99.801077961760697     
   99.779739868526761     
   99.755241337065627     
   99.727603345072438     
   99.696855203712403     
   99.663034805249723     
   99.626188603887314     
   99.586371573061982     
   99.543647642745512     
   99.498089950972314     
   99.449780943568484     
   99.398812283159430     
   99.345284930868203     
   99.289309088218602     
   99.231003795358788     
   99.170496770405094     
   99.107924473962839     
   99.043432093968661     
   98.977173265484964     
   98.909309579355465     
   98.840010267961077     
   98.769451918741083     
   98.697817851188304     
   98.625297873892137     
   98.552087865995063     
   98.478389151967292     
   98.404408343222926     
   98.330356357704019     
   98.256447933115197     
   98.182901228622725     
   98.109936652217741     
   98.037776695855683     
   97.966645426868070     
   97.896767572419378     
   97.828367918475607     
   97.761670405839695     
   97.696897922068118     
   97.634271556369427     
   97.574009671319217     
   97.516327400854095     
   97.461435969594447     
   97.409542336066309     
   97.360848309540884     
   97.315550276797580     
   97.273838604986992     
   97.235897047864199     
   97.201902425065569     
   97.172024032905512     
   97.146423539998210     
   97.125254630739420     
   97.108662583407536     
   97.096783803751478     
   97.089745639612005     
   97.087666599740857     
   97.090656078967214     
   97.098813841209548     
   97.112230347996814     
   97.130986513016765     
   97.155153478848419     
   97.184792696634318     
   97.219955988196958     
   97.260685886911403     
   97.307015297699522     
   97.358967403168080     
   97.416556109202460     
   97.479785664523703     
   97.548650806828491     
   97.623137210549658     
   97.703221207427134     
   97.788869902713770     
   97.880041447333284     
   97.976685029408998     
   98.078740867878793     
   98.186140239582372     
   98.298805625758604     
   98.416651116139960     
   98.539582155606666     
   98.667495570197900     
   98.800280336089685     
   98.937817283387545     
   99.079979196065821     
   99.226631100655482     
   99.377630304140155     
   99.532827058753767     
   99.692064533315261     
   99.855178858637146     
   100.02199974426875     
   100.19235073435003     
   100.36604927636179     
   100.54290716966909     
   100.72273099755706     
   100.90532263087343     
   101.09047950216198     
   101.27799507149109     
   101.46765897085209     
   101.65925763677774     
   101.85257472817169     
   102.04739131034626     
   102.24348672870796     
   102.44063906463963     
   102.63862517754391     
   102.83722149273392     
   103.03620443651447     
   103.23535044662066     
   103.43443667675066     
   103.63324155224036     
   103.83154490875502     
   104.02912828725654     
   104.22577580692135     
   104.42127403223955     
   104.61541212240253     
   104.80798221597622     
   104.99877985038847     
   105.18760439821240     
   105.37425901024282     
   105.55855082114014     
   105.74029121479063     
   105.91929592956392     
   106.09538540990218     
   106.26838450156649     
   106.43812257340588     
   106.60443389496886     
   106.76715760723128     
   106.92613804688892     
   107.08122446477012     
   107.23227100173052     
   107.37913684302268     
   107.52168631023858     
   107.65978895577520     
   107.79331964461552     
   107.92215825368052     
   108.04618990793384     
   108.16530483034661     
   108.27939845719249     
   108.38837177813004     
   108.49213107653362     
   108.59058781978453     
   108.68365884018340     
   108.77126678507143     
   108.85333983757970     
   108.92981156873354     
   109.00062119261798     
   109.06571364457596     
   109.12503978467153     
   109.17855639231504     
   109.22622594323649     
   109.26801703954217     
   109.30390444316018     
   109.33386918382158     
   109.35789838609406     
   109.37598538977210     
   109.38813012759003     
   109.39433897888206     
   109.39462471099144     
   109.38900655319915     
   109.37751038671553     
   109.36016887916276     
   109.33702113345929     
   109.30811262786985     
   109.27349570797436     
   109.23322941787183     
   109.18737928459404     
   109.13601724561991     
   109.07922165772625     
   109.01707733598333     
   108.94967538780038     
   108.87711291004591     
   108.79949305019279     
   108.71692522943667     
   108.62952441600797     
   108.53741082527628     
   108.44071029489594     
   108.33955416120533     
   108.23407867260620     
   108.12442464495066     
   108.01073760157921     
   107.89316714314606     
   107.77186693799429     
   107.64699445375778     
   107.51871043961221     
   107.38717881917634     
   107.25256638627327     
   107.11504230217602     
   106.97477787157048     
   106.83194637415220     
   106.68672253454754     
   106.53928210809646     
   106.38980115180232     
   106.23845597404917     
   106.08542326452691     
   105.93087941066206     
   105.77499973873957     
   105.61795836960809     
   105.45992806217841     
   105.30107949461046     
   105.14158112010266     
   104.98159908494556     
   104.82129678946201     
   104.66083423806168     
   104.50036779644631     
   104.34005023716203     
   104.18003034337890     
   104.02045244015950     
   103.86145632731758     
   103.70317721375051     
   103.54574529294409     
   103.38928575761025     
   103.23391841951245     
   103.07975791533555     
   102.92691381198306     
   102.77549006885265     
   102.62558495981912     
   102.47729126424493     
   102.33069638979131     
   102.18588258241790     
   102.04292660499497     
   101.90189977668051     
   101.76286851369689     
   101.62589426028183     
   101.49103350109459     
   101.35833810038559     
   101.22785537755765     
   101.09962806689208     
   100.97369476242885     
   100.85009027619972     
   100.72884579338022     
   100.60998881057529     
   100.49354341389348     
   100.37953063242544     
   100.26796875908781     
   100.15887321078465     
   100.05225674665694     
   99.948130067404918     
   99.846501922179513     
   99.747379166257659     
   99.650766791606316     
   99.556667901143314     
   99.465084183575158     
   99.376016066853069     
   99.289462450505795     
   99.205421165573256     
   99.123889135345351     
   99.044862290296095     
   98.968335728160937     
   98.894303269055513     
   98.822757814085776     
   98.753691735108518     
   98.687096273184096     
   98.622962014519558     
   98.561278408276507     
   98.502033591863182     
   98.445214936290341     
   98.390808730627924     
   98.338800287514189     
   98.289173843480413     
   98.241912174092420     
   98.196996880694044     
   98.154408178254798     
   98.114124771026397     
   98.076123906939557     
   98.040381277413019     
   98.006870830831460     
   97.975564784863096     
   97.946433632649104     
   97.919445924206087     
   97.894568321445647     
   97.871765734078124     
   97.851001151346310     
   97.832235231148729     
   97.815426697759221     
   97.800532340553517     
   97.787506858114838     
   97.776302972064286     
   97.766871365739476     
   97.759160601514097     
   97.753117340597797     
   97.748686519095031     
   97.745811054474160     
   97.744431713543321     
   97.744487664120044     
   97.745916395084450     
   97.748653819866803     
   97.752634511169262     
   97.757791248965262     
   97.764055249713394     
   97.771356661956801     
   97.779624582388479     
   97.788787022727917     
   97.798771235016417     
   97.809503523902009     
   97.820909663717558     
   97.832915210611986     
   97.845445081595855     
   97.858424062417555     
   97.871777121238338     
   97.885429137423586     
   97.899305280423761     
   97.913331293139194     
   97.927433554276959     
   97.941539242773075     
   97.955576634336595     
   97.969475183371713     
   97.983165514397484     
   97.996579740125227     
   98.009651715188468     
   98.022317152841538     
   98.034513825282005     
   98.046181795818853     
   98.057263430037708     
   98.067703469007455     
   98.077449493451084     
   98.086451996039969     
   98.094664244989076     
   98.102042850829164     
   98.108547687155237     
   98.114142089055804     
   98.118793121426464     
   98.122471454594546     
   98.125151585025662     
   98.126812029674142     
   98.127435618650239     
   98.127009488252213     
   98.125524796569351     
   98.122976950603203     
   98.119365860779268     
   98.114696001062242     
   98.108976512381020     
   98.102220948934573     
   98.094447539648471     
   98.085679204580515     
   98.075943250826882     
   98.065271576253508     
   98.053700463454902     
   98.041270603705627     
   98.028026831921096     
   98.014018066003302     
   97.999297622517076     
   97.983922634729382     
   97.967953591090165     
   97.951454364018801     
   97.934492059479567     
   97.917136793354928     
   97.899461215678301     
   97.881540128622518     
   97.863450394129174     
   97.845270514413045     
   97.827080292110622     
   97.808960344983504     
   97.790991835714678     
   97.773255743334857     
   97.755832446291350     
   97.738801851460366     
   97.722242814254173     
   97.706232413411755     
   97.690845614218873     
   97.676155000964755     
   97.662230611373843     
   97.649139491256165     
   97.636945372393896     
   97.625708354703619     
   97.615484610870624     
   97.606326283320925     
   97.598281228714598     
   97.591393149309368     
   97.585701454998798     
   97.581241154398825     
   97.578042814275292     
   97.576132541803304     
   97.575532435928480     
   97.576260395363335     
   97.578330316068516     
   97.581752474674332     
   97.586533563067590     
   97.592677039300057     
   97.600183370520000     
   97.609050450693545     
   97.619273679651386     
   97.630846486313018     
   97.643760445077888     
   97.658005424656380     
   97.673570301843867     
   97.690443061979678     
   97.708611175357561     
   97.728061587792794     
   97.748780881288084     
   97.770755751891286     
   97.793973022583785     
   97.818419921870131     
   97.844083908356879     
   97.870953018366677     
   97.899015940943642     
   97.928261723139968     
   97.958679863913559     
   97.990260286765050     
   98.022993491348458     
   98.056870319980888     
   98.091881724011259     
   98.128018660108722     
   98.165272201764324     
   98.203633228799234     
   98.243092000238633     
   98.283638287775375     
   98.325261436707279     
   98.367949501317867     
   98.411689314511420     
   98.456466467186644     
   98.502264855634792     
   98.549066785962680     
   98.596852682049501     
   98.645601032686542     
   98.695288185959910     
   98.745888118839446     
   98.797372486082651     
   98.849710554662849     
   98.902868778257599     
   98.956811068490509     
   99.011498659817121     
   99.066890004513525     
   99.122940853629117     
   99.179604452155104     
   99.236831416422362     
   99.294569399198281     
   99.352763917424085     
   99.411357948052753     
   99.470291754618458     
   99.529503933842491     
   99.588930862917280     
   99.648506503294712     
   99.708163266233726     
   99.767832095530082     
   99.827442253489934     
   99.886921630440668     
   99.946197032123592     
   100.00519409382792     
   100.06383800675351     
   100.12205344118367     
   100.17976428325436     
   100.23689452039197     
   100.29336804047021     
   100.34910852831781     
   100.40404032540259     
   100.45808837524116     
   100.51117840917632     
   100.56323719529999     
   100.61419241521681     
   100.66397308094412     
   100.71250975658846     
   100.75973471587714     
   100.80558209994533     
   100.84998805771501     
   100.89289074476049     
   100.93423069197647     
   100.97395117929231     
   101.01199786171604     
   101.04831917035769     
   101.08286672626292     
   101.11559526895500     
   101.14646258190250     
   101.17542996742652     
   101.20246251864448     
   101.22752878039479     
   101.25060106820297     
   101.27165576999943     
   101.29067334023253     
   101.30763830255857     
   101.32253953219426     
   101.33537062230289     
   101.34612977918442     
   101.35481958823658     
   101.36144755345131     
   101.36602614238045     
   101.36857267686764     
   101.36910980104406     
   101.36766522714161     
   101.36427182160726     
   101.35896809623399     
   101.35179778483223     
   101.34280998465584     
   101.33205950561688     
   101.31960672935239     
   101.30551765922078     
   101.28986407958040     
   101.27272325392802     
   101.25417787061862     
   101.23431635751531     
   101.21323280475694     
   101.19102680359556     
   101.16780335959562     
   101.14367296931924     
   101.11875145955678     
   101.09315958031108     
   101.06702300439991     
   101.04047261639786     
   101.01364361635181     
   100.98667535754360     
   100.95971163531121     
   100.93289994716477     
   100.90639115759467     
   100.88033942750398     
   100.85490170200026     
   100.83023724515920     
   100.80650735503804     
   100.78387476846419     
   100.76250330188761     
   100.74255706756875     
   100.72420008093732     
   100.70759577777009     
   100.69290616523259     
   100.68029163023532     
   100.66990997373905     
   100.66191564328224     
   100.65645925255126     
   100.65368690808945     
   100.65373971983425     
   100.65675250216825     
   100.66285317084400     
   100.67216270299647     
   100.68479406911503     
   100.70085141817957     
   100.72042934702134     
   100.74361246284400     
   100.77047496634178     
   100.80107975772789     
   100.83547803999140     
   100.87370891339630     
   100.91579900415620     
   100.96176182867704     
   101.01159740918568     
   101.06529248502331     
   101.12282009263367     
   101.18413926376510     
   101.24919500360723     
   101.31791823276873     
   101.39022624564974     
   101.46602273378342     
   101.54519778560385     
   101.62762817335243     
   101.71317788954926     
   101.80169869199008     
   101.89303043042109     
   101.98700140306913     
   102.08342923696833     
   102.18212149676799     
   102.28287616538572     
   102.38548278286180     
   102.48972299141805     
   102.59537130930275     
   102.70219626800618     
   102.80996091717752     
   102.91842376787343     
   103.02733979651012     
   103.13646122311340     
   103.24553841707160     
   103.35432056227252     
   103.46255678603120     
   103.56999677590019     
   103.67639144616514     
   103.78149368815086     
   103.88505918214281     
   103.98684719607189     
   104.08662097480568     
   104.18414838905655     
   104.27920260089741     
   104.37156233877000     
   104.46101221992870     
   104.54734332936410     
   104.63035363271135     
   104.70984824839621     
   104.78563968625444     
   104.85754802269358     
   104.92540119249077     
   104.98903507506365     
   105.04829337683228     
   105.10302791362287     
   105.15309892339720     
   105.19837506011594     
   105.23873336851888     
   105.27405939877519     
   105.30424729278857     
   105.32919958615180     
   105.34882729541243     
   105.36305007917687     
   105.37179648986505     
   105.37500391070670     
   105.37261817233039     
   105.36459409034950     
   105.35089564448836     
   105.33149582679511     
   105.30637650789646     
   105.27552876550055     
   105.23895309444934     
   105.19665919904712     
   105.14866589419579     
   105.09500153729269     
   105.03570427787481     
   104.97082167902009     
   104.90041087071940     
   104.82453859236908     
   104.74328111783113     
   104.65672437495087     
   104.56496380424365     
   104.46810406283309     
   104.36625929816941     
   104.25955300820122     
   104.14811764883081     
   104.03209443869679     
   103.91163350326310     
   103.78689325325729     
   103.65804004210722     
   103.52524841230965     
   103.38870027123029     
   103.24858461441561     
   103.10509748592430     
   102.95844126187428     
   102.80882415477788     
   102.65645996707083     
   102.50156761676446     
   102.34437056899385     
   102.18509657583429     
   102.02397696915358     
   101.86124596676764     
   101.69714031766270     
   101.53189860783691     
   101.36576100006911     
   101.19896869124686     
   101.03176295616782     
   100.86438482176219     
   100.69707459559912     
   100.53007118611148     
   100.36361154205950     
   100.19793014660604     
   100.03325841531024     
   99.869824165820035     
   99.707851309770788     
   99.547559233316207     
   99.389161982316949     
   99.232867861781287     
   99.078879481455317     
   98.927392898385548     
   98.778597042731619     
   98.632673679698669     
   98.489796994170490     
   98.350133150448883     
   98.213839753276972     
   98.081065685606788     
   97.951951185384772     
   97.826627205690926     
   97.705214953261375     
   97.587826081625252     
   97.474562772047975     
   97.365517437655683     
   97.260772411849885     
   97.160400113244322     
   97.064462926429215     
   96.973013226489130     
   96.886093468497947     
   96.803736382886072     
   96.725965135674343     
   96.652793190115020     
   96.584224639556098     
   96.520254573761576     
   96.460868878508180     
   96.406044677858560     
   96.355750948488392     
   96.309948720949095     
   96.268591128217579     
   96.231623794905843     
   96.198985623490387     
   96.170608495286871     
   96.146417736761151     
   96.126332911834183     
   96.110267906716544     
   96.098131405356327     
   96.089827317548114     
   96.085255132996537     
   96.084310139957779     
   96.086883991153897     
   96.092864832069267     
   96.102137741942641     
   96.114585246667446     
   96.130087193244549     
   96.148521487184595     
   96.169764362870154     
   96.193690197607879     
   96.220172158223960     
   96.249082520565238     
   96.280292686831970     
   96.313673555224398     
   96.349095586447660     
   96.386428766791497     
   96.425543135370731     
   96.466309136087617     
   96.508597285039002     
   96.552278463977785     
   96.597224282666147     
   96.643307083482583     
   96.690400066954268     
   96.738377185028568     
   96.787113431934145     
   96.836485127948578     
   96.886369913889567     
   96.936646772281634     
   96.987196042041333     
   97.037899666964435     
   97.088641392128025     
   97.139306867679480     
   97.189783575093941     
   97.239961056603917     
   97.289731097536247     
   97.338988038205855     
   97.387628519803627     
   97.435551242837576     
   97.482657890426594     
   97.528852949827623     
   97.574043524073275     
   97.618140028989231     
   97.661056107139160     
   97.702708552757443     
   97.743017656126185     
   97.781907154703916     
   97.819304386669458     
   97.855140402455618     
   97.889350159758848     
   97.921872667519850     
   97.952650633970407     
   97.981630986497834     
   98.008764695291845     
   98.034006783364418     
   98.057316840675753     
   98.078658757287982     
   98.098000746607426     
   98.115315325350096     
   98.130579486600737     
   98.143774521927085     
   98.154885944400334     
   98.163903859582263     
   98.170822778803085     
   98.175641285591951     
   98.178362265675062     
   98.178992902962307     
   98.177544435194164     
   98.174032452092348     
   98.168476383839902     
   98.160899527211640     
   98.151329076856626     
   98.139795832909229     
   98.126334285133495     
   98.110982458590996     
   98.093781726065188     
   98.074776616438243     
   98.054014956792344     
   98.031547642994241     
   98.007428797385643     
   97.981714958002456     
   97.954465066666629     
   97.925740930404643     
   97.895606422163723     
   97.864127636687755     
   97.831372909210046     
   97.797412484582367     
   97.762318335124760     
   97.726163851102584     
   97.689023989774924     
   97.650975155598388     
   97.612094902199061     
   97.572461736538244     
   97.532154984812067     
   97.491254769731640     
   97.449841797748064     
   97.407997314425998     
   97.365803028853904     
   97.323340684261908     
   97.280692107778123     
   97.237939272911916     
   97.195164107414712     
   97.152448422665259     
   97.109873634229601     
   97.067520861840478     
   97.025470894389755     
   96.983803889046698     
   96.942599349150584     
   96.901936461186324     
   96.861893759438559     
   96.822549039439721     
   96.783979668561230     
   96.746262521075451     
   96.709473647815031     
   96.673688320072884     
   96.638981369022105     
   96.605427011327777     
   96.573098887332605     
   96.542070293204191     
   96.512414095056002     
   96.484202490811512     
   96.457507460055496     
   96.432400819744231     
   96.408953824388661     
   96.387237621333171     
   96.367323137459280     
   96.349280869233894     
   96.333181282693133     
   96.319094496661180     
   96.307090364718164     
   96.297238432835741     
   96.289607846940783     
   96.284267428446626     
   96.281285204502495     
   96.280728477702297     
   96.282663911224361     
   96.287157157900225     
   96.294272696538002     
   96.304073493101470     
   96.316620818634021     
   96.331974284152878     
   96.350191206892475     
   96.371326426374893     
   96.395432228323287     
   96.422557674407187     
   96.452748657897757     
   96.486047404837478     
   96.522492009109641     
   96.562116312451494     
   96.604949441962916     
   96.651015718987082     
   96.700334073466550     
   96.752917650480612     
   96.808773911625892     
   96.867904255922397     
   96.930303792138446     
   96.995961196974449     
   97.064858384660795     
   97.136970552468185     
   97.212266107879074     
   97.290706407966908     
   97.372245734494442     
   97.456831361382044     
   97.544403775737081     
   97.634896937522555     
   97.728238099058615     
   97.824348046760832     
   97.923141392078435     
   98.024526876430173     
   98.128407772319903     
   98.234681800940265     
   98.343241763748267     
   98.453976112361190     
   98.566769249176602     
   98.681501690847213     
   98.798050869640576     
   98.916291464332886     
   99.036095662904259     
   99.157334086607761     
   99.279876233825220     
   99.403590691257648     
   99.528345510432743     
   99.654009083706413     
   99.780450825336786     
   99.907541355790727     
   100.03515248260456     
   100.16315789456658     
   100.29143390581447     
   100.41985965166060     
   100.54831747778425     
   100.67669324252007     
   100.80487660479933     
   100.93276122656735     
   101.06024514223419     
   101.18723106620702     
   101.31362643191686     
   101.43934344809070     
   101.56429929701937     
   101.68841661957913     
   101.81162302309720     
   101.93385123899246     
   102.05503924257087     
   102.17513013702197     
   102.29407217713567     
   102.41181853601320     
   102.52832749764293     
   102.64356227329725     
